Example 1 Comparison: True
Actual Output 1:
[[0 0 0 0 0 0 0]
 [0 1 1 1 0 0 0]
 [0 1 1 1 0 3 0]
 [0 0 0 0 0 3 0]
 [0 0 0 0 0 0 0]]
Example 2 Comparison: False
Actual Output 2:
[[0 0 0 0 0 0 0 0 0 0 0 0]
 [0 0 0 0 1 1 1 1 0 0 0 0]
 [0 0 0 0 1 1 1 1 0 0 0 0]
 [0 0 0 0 1 1 1 1 0 0 0 0]
 [0 0 0 0 0 0 0 0 0 0 0 0]
 [0 0 0 0 0 0 0 0 0 0 3 0]
 [0 0 0 0 0 0 0 0 0 0 3 0]
 [0 0 0 0 0 0 0 0 0 0 0 0]]
Example 3 Comparison: False
Actual Output 3:
[[0 0 0 0 0 0 0 0 0 0]
 [0 1 0 0 0 0 0 1 0 0]
 [0 0 1 0 0 0 1 0 0 0]
 [0 0 0 1 0 1 0 0 0 0]
 [0 0 0 0 3 0 0 0 0 0]
 [0 0 3 3 3 3 3 3 0 0]
 [0 1 0 0 0 0 0 0 1 0]
 [0 0 0 0 0 0 0 0 0 0]]