Example 1:
Input:
  Dimensions: 10x10
  Unique Colors: [0 1 2 4 8]
[[0 0 0 0 0 0 0 0 0 0]
 [0 0 0 0 0 0 0 0 0 0]
 [0 0 0 0 0 0 0 0 0 0]
 [0 0 0 1 1 2 2 0 0 0]
 [0 0 0 1 1 2 2 0 0 0]
 [0 0 0 4 4 8 8 0 0 0]
 [0 0 0 4 4 8 8 0 0 0]
 [0 0 0 0 0 0 0 0 0 0]
 [0 0 0 0 0 0 0 0 0 0]
 [0 0 0 0 0 0 0 0 0 0]]
Output:
  Dimensions: 10x10
  Unique Colors: [1 2 3 4 8]
[[3 3 3 3 3 3 3 3 3 3]
 [3 3 3 3 3 3 3 3 3 3]
 [3 3 3 3 3 3 3 3 3 3]
 [3 3 3 1 1 2 2 3 3 3]
 [3 3 3 1 1 2 2 3 3 3]
 [3 3 3 4 4 8 8 3 3 3]
 [3 3 3 4 4 8 8 3 3 3]
 [3 3 3 3 3 3 3 3 3 3]
 [3 3 3 3 3 3 3 3 3 3]
 [3 3 3 3 3 3 3 3 3 3]]
---
Example 2:
Input:
  Dimensions: 6x8
  Unique Colors: [0 5]
[[0 0 0 0 0 0 0 0]
 [0 5 5 5 5 5 5 0]
 [0 5 0 0 0 0 5 0]
 [0 5 0 0 0 0 5 0]
 [0 5 5 5 5 5 5 0]
 [0 0 0 0 0 0 0 0]]
Output:
  Dimensions: 6x8
  Unique Colors: [3 5]
[[3 3 3 3 3 3 3 3]
 [3 5 5 5 5 5 5 3]
 [3 5 3 3 3 3 5 3]
 [3 5 3 3 3 3 5 3]
 [3 5 5 5 5 5 5 3]
 [3 3 3 3 3 3 3 3]]
---
Example 3:
Input:
  Dimensions: 5x7
  Unique Colors: [1]
[[1 1 1 1 1 1 1]
 [1 1 1 1 1 1 1]
 [1 1 1 1 1 1 1]
 [1 1 1 1 1 1 1]
 [1 1 1 1 1 1 1]]
Output:
  Dimensions: 5x7
  Unique Colors: [1]
[[1 1 1 1 1 1 1]
 [1 1 1 1 1 1 1]
 [1 1 1 1 1 1 1]
 [1 1 1 1 1 1 1]
 [1 1 1 1 1 1 1]]
---
Example 4:
Input:
  Dimensions: 10x10
  Unique Colors: [0]
[[0 0 0 0 0 0 0 0 0 0]
 [0 0 0 0 0 0 0 0 0 0]
 [0 0 0 0 0 0 0 0 0 0]
 [0 0 0 0 0 0 0 0 0 0]
 [0 0 0 0 0 0 0 0 0 0]
 [0 0 0 0 0 0 0 0 0 0]
 [0 0 0 0 0 0 0 0 0 0]
 [0 0 0 0 0 0 0 0 0 0]
 [0 0 0 0 0 0 0 0 0 0]
 [0 0 0 0 0 0 0 0 0 0]]
Output:
  Dimensions: 10x10
  Unique Colors: [3]
[[3 3 3 3 3 3 3 3 3 3]
 [3 3 3 3 3 3 3 3 3 3]
 [3 3 3 3 3 3 3 3 3 3]
 [3 3 3 3 3 3 3 3 3 3]
 [3 3 3 3 3 3 3 3 3 3]
 [3 3 3 3 3 3 3 3 3 3]
 [3 3 3 3 3 3 3 3 3 3]
 [3 3 3 3 3 3 3 3 3 3]
 [3 3 3 3 3 3 3 3 3 3]
 [3 3 3 3 3 3 3 3 3 3]]
---