Analyzing Example 1
Input grid:
[[8 8 8 8 8 8 8 8]]
Output grid:
[[5 5 5 5 5 5 5 5]]
Differences (input, output):
  (0, 0): (8, 5)
  (0, 1): (8, 5)
  (0, 2): (8, 5)
  (0, 3): (8, 5)
  (0, 4): (8, 5)
  (0, 5): (8, 5)
  (0, 6): (8, 5)
  (0, 7): (8, 5)
-----
Analyzing Example 2
Input grid:
[[3 3 3 3 3 3 3 3]
 [3 3 3 3 3 3 3 3]
 [3 3 3 3 3 3 3 3]
 [3 3 3 3 3 3 3 3]]
Output grid:
[[5 5 5 5 5 5 5 5]
 [0 0 0 0 0 0 0 0]
 [0 0 0 0 0 0 0 0]
 [0 0 0 0 0 0 0 0]]
Differences (input, output):
  (0, 0): (3, 5)
  (0, 1): (3, 5)
  (0, 2): (3, 5)
  (0, 3): (3, 5)
  (0, 4): (3, 5)
  (0, 5): (3, 5)
  (0, 6): (3, 5)
  (0, 7): (3, 5)
  (1, 0): (3, 0)
  (1, 1): (3, 0)
  (1, 2): (3, 0)
  (1, 3): (3, 0)
  (1, 4): (3, 0)
  (1, 5): (3, 0)
  (1, 6): (3, 0)
  (1, 7): (3, 0)
  (2, 0): (3, 0)
  (2, 1): (3, 0)
  (2, 2): (3, 0)
  (2, 3): (3, 0)
  (2, 4): (3, 0)
  (2, 5): (3, 0)
  (2, 6): (3, 0)
  (2, 7): (3, 0)
  (3, 0): (3, 0)
  (3, 1): (3, 0)
  (3, 2): (3, 0)
  (3, 3): (3, 0)
  (3, 4): (3, 0)
  (3, 5): (3, 0)
  (3, 6): (3, 0)
  (3, 7): (3, 0)
-----
Analyzing Example 3
Input grid:
[[1 1 1 1 1 1 1 1]
 [1 8 8 8 8 8 8 1]
 [1 8 8 8 8 8 8 1]
 [1 1 1 1 1 1 1 1]]
Output grid:
[[5 5 5 5 5 5 5 5]
 [0 8 8 8 8 8 8 0]
 [0 8 8 8 8 8 8 0]
 [0 0 0 0 0 0 0 0]]
Differences (input, output):
  (0, 0): (1, 5)
  (0, 1): (1, 5)
  (0, 2): (1, 5)
  (0, 3): (1, 5)
  (0, 4): (1, 5)
  (0, 5): (1, 5)
  (0, 6): (1, 5)
  (0, 7): (1, 5)
  (1, 0): (1, 0)
  (1, 7): (1, 0)
  (3, 0): (1, 0)
  (3, 1): (1, 0)
  (3, 2): (1, 0)
  (3, 3): (1, 0)
  (3, 4): (1, 0)
  (3, 5): (1, 0)
  (3, 6): (1, 0)
  (3, 7): (1, 0)
-----