Input Objects: [(7, 3, 4), (3, 4, 5)]
Output Objects: [(7, 3, 4), (7, 3, 5), (7, 3, 6), (7, 3, 7), (7, 3, 8), (7, 3, 9), (3, 4, 5), (3, 4, 6), (3, 5, 5), (3, 5, 6)]
Changed Pixels (row, col, diff):
  (3, 5, 7-0=7)
  (3, 6, 7-0=7)
  (3, 7, 7-0=7)
  (3, 8, 7-0=7)
  (3, 9, 7-0=7)
  (4, 6, 3-0=3)
  (5, 5, 3-0=3)
  (5, 6, 3-0=3)
input:
[[0 0 0 0 0 0 0 0 0 0]
 [0 0 0 0 0 0 0 0 0 0]
 [0 0 0 0 0 0 0 0 0 0]
 [0 0 0 0 7 0 0 0 0 0]
 [0 0 0 0 0 3 0 0 0 0]
 [0 0 0 0 0 0 0 0 0 0]]
output:
[[0 0 0 0 0 0 0 0 0 0]
 [0 0 0 0 0 0 0 0 0 0]
 [0 0 0 0 0 0 0 0 0 0]
 [0 0 0 0 7 7 7 7 7 7]
 [0 0 0 0 0 3 3 0 0 0]
 [0 0 0 0 0 3 3 0 0 0]]