Input Objects: [(7, 5, 4), (3, 6, 5)]
Output Objects: [(7, 5, 4), (7, 5, 5), (7, 5, 6), (7, 5, 7), (7, 5, 8), (7, 5, 9), (3, 6, 5), (3, 6, 6), (3, 7, 5), (3, 7, 6)]
Changed Pixels (row, col, diff):
  (5, 5, 7-0=7)
  (5, 6, 7-0=7)
  (5, 7, 7-0=7)
  (5, 8, 7-0=7)
  (5, 9, 7-0=7)
  (6, 6, 3-0=3)
  (7, 5, 3-0=3)
  (7, 6, 3-0=3)
input:
[[0 0 0 0 0 0 0 0 0 0]
 [0 0 0 0 0 0 0 0 0 0]
 [0 0 0 0 0 0 0 0 0 0]
 [0 0 0 0 0 0 0 0 0 0]
 [0 0 0 0 0 0 0 0 0 0]
 [0 0 0 0 7 0 0 0 0 0]
 [0 0 0 0 0 3 0 0 0 0]
 [0 0 0 0 0 0 0 0 0 0]]
output:
[[0 0 0 0 0 0 0 0 0 0]
 [0 0 0 0 0 0 0 0 0 0]
 [0 0 0 0 0 0 0 0 0 0]
 [0 0 0 0 0 0 0 0 0 0]
 [0 0 0 0 0 0 0 0 0 0]
 [0 0 0 0 7 7 7 7 7 7]
 [0 0 0 0 0 3 3 0 0 0]
 [0 0 0 0 0 3 3 0 0 0]]