--- Example 0 ---
Input:
[[0 0 0 0 0 0 0 0 0 0]
 [0 0 0 0 0 0 0 0 0 0]
 [0 0 0 0 0 0 0 0 0 0]
 [0 0 0 0 0 0 0 0 0 0]
 [0 0 0 0 9 0 0 0 0 0]
 [0 0 0 0 9 0 0 0 0 0]
 [0 0 0 0 9 0 0 0 0 0]
 [0 0 0 0 9 0 0 0 0 0]
 [0 0 0 0 9 0 0 0 0 0]
 [0 0 0 0 0 0 0 0 0 0]]
Output:
[[0 0 0 0 0 0 0 0 0 0]
 [0 0 0 0 0 0 0 0 0 0]
 [0 0 0 0 0 0 0 0 0 0]
 [0 0 0 0 0 0 0 0 0 0]
 [0 0 0 0 0 0 0 0 0 0]
 [0 0 0 0 0 0 0 0 0 0]
 [0 0 0 0 0 0 0 0 0 0]
 [0 0 0 0 0 0 0 0 0 0]
 [0 0 0 0 0 0 0 0 0 0]
 [0 0 0 0 0 0 0 0 0 0]]
Expected:
[[0 0 0 0 0 0 0 0 0 0]
 [0 0 0 0 0 0 0 0 0 0]
 [0 0 0 0 0 0 0 0 0 0]
 [0 0 0 0 0 0 0 0 0 0]
 [0 0 0 0 0 0 0 0 0 0]
 [0 0 0 0 0 0 0 0 0 0]
 [0 0 0 0 0 0 0 0 0 0]
 [0 0 0 0 0 0 0 0 0 0]
 [0 0 0 0 0 0 0 0 0 0]
 [0 0 0 0 0 0 0 0 0 0]]
Correct: True
--- Example 1 ---
Input:
[[0 0 0 0 0 0 0 0 0 0]
 [0 0 0 0 0 0 0 0 0 0]
 [0 0 0 0 0 0 0 0 0 0]
 [0 0 0 0 5 0 0 0 0 0]
 [0 0 0 0 9 0 0 0 0 0]
 [0 0 0 0 9 0 0 0 0 0]
 [0 0 0 0 9 0 0 0 0 0]
 [0 0 0 0 9 0 0 0 0 0]
 [1 1 1 1 1 1 1 1 1 1]
 [0 0 0 0 0 0 0 0 0 0]]
Output:
[[0 0 0 0 0 0 0 0 0 0]
 [0 0 0 0 0 0 0 0 0 0]
 [0 0 0 0 0 0 0 0 0 0]
 [0 0 0 0 0 0 0 0 0 0]
 [0 0 0 0 0 0 0 0 0 0]
 [0 0 0 0 0 0 0 0 0 0]
 [0 0 0 0 0 0 0 0 0 0]
 [0 0 0 0 5 0 0 0 0 0]
 [1 1 1 1 1 1 1 1 1 1]
 [0 0 0 0 0 0 0 0 0 0]]
Expected:
[[0 0 0 0 0 0 0 0 0 0]
 [0 0 0 0 0 0 0 0 0 0]
 [0 0 0 0 0 0 0 0 0 0]
 [0 0 0 0 0 0 0 0 0 0]
 [0 0 0 0 0 0 0 0 0 0]
 [0 0 0 0 0 0 0 0 0 0]
 [0 0 0 0 0 0 0 0 0 0]
 [0 0 0 0 5 0 0 0 0 0]
 [1 1 1 1 1 1 1 1 1 1]
 [0 0 0 0 0 0 0 0 0 0]]
Correct: True
--- Example 2 ---
Input:
[[0 0 0 0 0 0 0 0]
 [0 0 0 0 0 0 0 0]
 [0 0 0 0 0 0 0 0]
 [0 0 0 9 9 9 0 0]
 [0 0 0 9 9 9 0 0]
 [0 0 0 9 9 9 0 0]
 [0 0 1 1 1 1 1 0]
 [0 0 0 0 0 0 0 0]]
Output:
[[0 0 0 0 0 0 0 0]
 [0 0 0 0 0 0 0 0]
 [0 0 0 0 0 0 0 0]
 [0 0 0 0 0 0 0 0]
 [0 0 0 0 0 0 0 0]
 [0 0 0 0 0 0 0 0]
 [0 0 1 1 1 1 1 0]
 [0 0 0 0 0 0 0 0]]
Expected:
[[0 0 0 0 0 0 0 0]
 [0 0 0 0 0 0 0 0]
 [0 0 0 0 0 0 0 0]
 [0 0 0 0 0 0 0 0]
 [0 0 0 0 0 0 0 0]
 [0 0 0 0 0 0 0 0]
 [0 0 1 1 1 1 1 0]
 [0 0 0 0 0 0 0 0]]
Correct: True
--- Example 3 ---
Input:
[[0 0 0 0 0 0 0 0 0 0 0 0 0 0]
 [0 0 0 0 2 0 0 0 0 0 0 0 0 0]
 [0 0 0 0 9 0 0 0 0 0 0 0 0 0]
 [0 0 0 0 9 0 0 0 6 0 0 0 0 0]
 [0 0 0 0 9 0 0 0 0 0 0 0 0 0]
 [0 0 0 0 9 0 0 0 0 0 0 0 0 0]
 [0 0 0 0 9 0 0 0 0 0 0 0 0 0]
 [0 0 0 0 9 0 0 0 0 0 0 0 0 0]
 [0 0 0 0 0 0 0 0 0 0 0 0 0 0]]
Output:
[[0 0 0 0 0 0 0 0 0 0 0 0 0 0]
 [0 0 0 0 0 0 0 0 0 0 0 0 0 0]
 [0 0 0 0 0 0 0 0 0 0 0 0 0 0]
 [0 0 0 0 0 0 0 0 0 0 0 0 0 0]
 [0 0 0 0 0 0 0 0 0 0 0 0 0 0]
 [0 0 0 0 0 0 0 0 0 0 0 0 0 0]
 [0 0 0 0 2 0 0 0 6 0 0 0 0 0]
 [0 0 0 0 0 0 0 0 0 0 0 0 0 0]
 [0 0 0 0 0 0 0 0 0 0 0 0 0 0]]
Expected:
[[0 0 0 0 0 0 0 0 0 0 0 0 0 0]
 [0 0 0 0 0 0 0 0 0 0 0 0 0 0]
 [0 0 0 0 0 0 0 0 0 0 0 0 0 0]
 [0 0 0 0 2 0 0 0 0 0 0 0 0 0]
 [0 0 0 0 0 0 0 0 0 0 0 0 0 0]
 [0 0 0 0 0 0 0 0 0 0 0 0 0 0]
 [0 0 0 0 0 0 0 0 6 0 0 0 0 0]
 [0 0 0 0 0 0 0 0 0 0 0 0 0 0]
 [0 0 0 0 0 0 0 0 0 0 0 0 0 0]]
Correct: False