Example 0:
comparison_result: {'are_equal': False, 'differences': [(3, 0, 2, 0), (3, 1, 2, 0), (3, 2, 2, 0), (3, 3, 2, 0), (3, 4, 2, 0), (3, 5, 2, 0), (3, 6, 2, 0), (3, 7, 2, 0), (3, 8, 2, 0), (3, 9, 2, 0), (3, 10, 2, 0), (3, 11, 2, 0), (3, 12, 2, 0), (3, 13, 2, 0), (3, 14, 2, 0), (3, 15, 2, 0), (3, 16, 2, 0), (3, 17, 2, 0), (3, 18, 2, 0), (3, 19, 2, 0), (4, 0, 2, 0), (4, 1, 2, 0), (4, 2, 2, 0), (4, 3, 2, 0), (4, 4, 2, 0), (4, 5, 2, 0), (4, 6, 2, 0), (4, 7, 2, 0), (4, 8, 2, 0), (4, 9, 2, 0), (4, 10, 2, 0), (4, 11, 2, 0), (4, 12, 2, 0), (4, 13, 2, 0), (4, 14, 2, 0), (4, 15, 2, 0), (4, 16, 2, 0), (4, 17, 2, 0), (4, 18, 2, 0), (4, 19, 2, 0), (5, 0, 2, 0), (5, 1, 2, 0), (5, 2, 2, 0), (5, 3, 2, 0), (5, 4, 2, 0), (5, 5, 2, 0), (5, 6, 2, 0), (5, 7, 2, 0), (5, 8, 2, 0), (5, 9, 2, 0), (5, 10, 2, 0), (5, 11, 2, 0), (5, 12, 2, 0), (5, 13, 2, 0), (5, 14, 2, 0), (5, 15, 2, 0), (5, 16, 2, 0), (5, 17, 2, 0), (5, 18, 2, 0), (5, 19, 2, 0)]}
Example 1:
comparison_result: {'are_equal': True, 'differences': []}
Example 2:
comparison_result: {'are_equal': True, 'differences': []}
Example 3:
comparison_result: {'are_equal': True, 'differences': []}
Example 4:
comparison_result: {'are_equal': False, 'differences': [(3, 0, 2, 0), (3, 1, 2, 0), (3, 2, 2, 0), (3, 3, 2, 0), (4, 0, 2, 0), (4, 1, 2, 0), (4, 2, 2, 0), (4, 3, 2, 0)]}
