Example 1 Errors: 0

Example 2 Errors: 1
Predicted:
[[1 1 0 0 1 0 0 2 0 0 0 1]
 [0 5 0 0 5 0 0 2 0 0 0 5]
 [0 5 5 0 5 0 0 5 0 0 0 5]
 [0 0 0 0 5 0 0 5 0 0 0 0]
 [0 0 0 0 0 0 0 0 0 0 0 0]
 [0 0 0 0 0 0 0 0 0 0 0 0]]
Target:
[[1 1 0 0 1 0 0 2 0 0 0 1]
 [0 5 0 0 5 0 0 5 0 0 0 5]
 [0 5 5 0 5 0 0 5 0 0 0 5]
 [0 0 0 0 5 0 0 5 0 0 0 0]
 [0 0 0 0 0 0 0 0 0 0 0 0]
 [0 0 0 0 0 0 0 0 0 0 0 0]]

Example 3 Errors: 3
Predicted:
[[0 0 0 0 0 0 2 0 0]
 [0 0 0 0 0 0 2 0 0]
 [0 0 0 0 0 0 5 0 0]
 [0 0 0 0 0 0 5 0 0]
 [0 0 0 0 0 0 5 0 0]
 [0 0 0 3 0 0 5 0 0]
 [0 0 0 0 0 0 0 0 0]]
Target:
[[0 0 0 0 0 0 2 0 0]
 [0 0 0 0 0 0 5 0 0]
 [0 0 0 0 0 0 5 0 0]
 [0 0 0 0 0 0 5 0 0]
 [0 0 0 3 0 0 5 0 0]
 [0 0 0 0 0 0 0 0 0]
 [0 0 0 0 0 0 0 0 0]]