Example 1:
  Input:
[[0 5 0]
 [5 5 5]
 [0 5 0]]
  Expected Output:
[[0 5 0]
 [5 3 5]
 [0 5 0]]
  Transformed Output:
[[0 3 0]
 [3 3 3]
 [0 3 0]]
  Differences: [(0, 1, 5, 3), (1, 0, 5, 3), (1, 2, 5, 3), (2, 1, 5, 3)]
Example 2:
  Input:
[[0 5 0 5 0]
 [5 5 5 5 5]
 [0 5 0 5 0]]
  Expected Output:
[[0 5 0 5 0]
 [5 3 5 3 5]
 [0 5 0 5 0]]
  Transformed Output:
[[0 3 0 3 0]
 [3 3 3 3 3]
 [0 3 0 3 0]]
  Differences: [(0, 1, 5, 3), (0, 3, 5, 3), (1, 0, 5, 3), (1, 2, 5, 3), (1, 4, 5, 3), (2, 1, 5, 3), (2, 3, 5, 3)]
Example 3:
  Input:
[[0 5 0 5 0 5 0]
 [5 5 5 5 5 5 5]
 [0 5 0 5 0 5 0]]
  Expected Output:
[[0 5 0 5 0 5 0]
 [5 3 5 3 5 3 5]
 [0 5 0 5 0 5 0]]
  Transformed Output:
[[0 3 0 3 0 3 0]
 [3 3 3 3 3 3 3]
 [0 3 0 3 0 3 0]]
  Differences: [(0, 1, 5, 3), (0, 3, 5, 3), (0, 5, 5, 3), (1, 0, 5, 3), (1, 2, 5, 3), (1, 4, 5, 3), (1, 6, 5, 3), (2, 1, 5, 3), (2, 3, 5, 3), (2, 5, 5, 3)]