Example 0:
Input:
[[0 0 0 0 0 0 0]
 [0 0 0 0 0 0 0]
 [0 0 0 0 0 9 0]
 [0 0 0 0 0 9 0]
 [0 0 0 0 0 9 0]
 [0 0 0 0 0 0 0]
 [0 0 0 0 0 0 0]]
Expected Output:
[[9 9 9]]
Actual Output:
[[9 9 9 0 0 0 0 0 0]]

Example 1:
Input:
[[0 0 0 0 0 0 0]
 [0 6 6 6 0 0 0]
 [0 6 6 6 0 0 0]
 [0 6 6 6 0 0 0]
 [0 0 0 0 0 0 0]
 [0 0 0 0 0 0 0]
 [0 0 0 0 0 0 0]]
Expected Output:
[[6 6 6]
 [6 6 6]
 [6 6 6]]
Actual Output:
[[6 6 6 6 6 6 6 6 6]]

Example 2:
Input:
[[0 0 0 0 0 0 0]
 [0 0 0 0 0 0 0]
 [0 0 0 0 0 0 0]
 [0 0 0 1 0 0 0]
 [0 0 0 0 0 0 0]
 [0 0 0 2 0 0 0]
 [0 0 0 3 0 0 0]]
Expected Output:
[[1]
 [2]
 [3]]
Actual Output:
[[1 2 3 0 0 0 0 0 0]]

Example 3:
Input:
[[0 0 0 0 0 0 0 0 0]
 [0 0 5 0 0 0 0 5 0]
 [0 0 0 0 0 0 0 0 0]
 [0 0 0 0 0 0 0 0 0]
 [0 0 0 0 0 0 0 0 0]
 [0 0 0 0 0 0 0 0 0]
 [0 0 0 0 0 0 0 0 0]
 [0 0 5 0 0 0 0 5 0]
 [0 0 0 0 0 0 0 0 0]]
Expected Output:
[[5 5]
 [5 5]]
Actual Output:
[[5 5 5 5 0 0 0 0 0]]