Input Grid:
[[0 0 0 0 0 0 0 0 0 0]
 [0 0 0 0 0 0 0 0 1 1]
 [0 0 0 0 0 0 0 0 1 1]
 [0 0 0 0 0 0 0 2 2 2]
 [0 0 0 0 0 0 0 4 4 0]
 [0 0 0 0 0 0 0 0 0 0]
 [3 3 3 0 0 0 8 0 0 0]
 [3 3 3 0 0 0 8 0 0 0]
 [3 3 3 0 0 0 8 0 0 0]]
Expected Output Grid:
[[0 0 0 0 0 0]
 [0 0 1 1 0 0]
 [0 0 1 1 0 0]
 [0 0 2 2 2 0]
 [0 0 4 4 0 0]
 [0 0 0 0 0 0]]
Predicted Output Grid:
[[0 0 1 1 0 0]
 [0 0 1 1 0 0]
 [0 0 2 2 2 0]
 [0 0 4 4 0 0]
 [0 0 0 0 0 0]
 [0 0 0 0 0 0]]
Difference
[[ 0  0  0  0  0  0]
 [ 0  0  0  0  0  0]
 [ 0  0  0  0  0  0]
 [ 0  0  0  0  0  0]
 [ 0  0  0  0  0  0]
 [ 0  0  0  0  0  0]]
Input Blue/Red Objects
[[[1, 8], [1, 9], [2, 8], [2, 9], [3, 7], [3, 8], [3, 9]]]
Input Yellow Objects
[[[4, 7], [4, 8]]]
Output Blue/Red Objects
[[[1, 2], [1, 3], [2, 2], [2, 3], [3, 2], [3, 3], [3, 4]]]
Output Yellow Objects
[[[4, 2], [4, 3]]]
--------------------------------------------------------------------------------
Input Grid:
[[0 0 0 0 0 0 0 0 0 0]
 [0 0 0 0 0 0 0 1 0 0]
 [0 0 0 0 0 0 0 1 0 0]
 [0 0 0 0 0 0 0 1 0 0]
 [0 0 0 0 0 0 0 1 0 0]
 [0 0 0 0 0 0 0 2 0 0]
 [0 0 0 0 0 0 0 4 0 0]
 [8 0 0 0 0 0 0 0 0 0]
 [0 0 0 0 0 0 0 0 0 0]]
Expected Output Grid:
[[0 0 1 0]
 [0 0 1 0]
 [0 0 1 0]
 [0 0 1 0]
 [0 0 2 0]
 [0 0 4 0]]
Predicted Output Grid:
[[0 1 0 0]
 [0 1 0 0]
 [0 1 0 0]
 [0 1 0 0]
 [0 2 0 0]
 [0 4 0 0]
 [0 0 0 0]
 [0 0 0 0]]
Difference
[[ 0 -1  1  0]
 [ 0 -1  1  0]
 [ 0 -1  1  0]
 [ 0 -1  1  0]
 [ 0 -1  0  0]
 [ 0 -1  0  0]
 [-1  0  0  0]
 [ 0  0  0  0]]
Input Blue/Red Objects
[[[1, 7], [2, 7], [3, 7], [4, 7], [5, 7]]]
Input Yellow Objects
[[[6, 7]]]
Output Blue/Red Objects
[[[0, 2], [1, 2], [2, 2], [3, 2], [4, 2]]]
Output Yellow Objects
[[[5, 2]]]
--------------------------------------------------------------------------------
Input Grid:
[[0 0 0 0 0 0 0 0 0]
 [0 0 0 0 0 0 1 1 0]
 [0 0 0 0 0 0 2 1 0]
 [0 0 0 0 0 0 2 4 0]
 [0 0 0 0 0 0 0 0 0]]
Expected Output Grid:
[[0 1 1 0]
 [0 2 1 0]
 [0 2 4 0]
 [0 0 0 0]]
Predicted Output Grid:
[[0 1 1 0]
 [0 2 1 0]
 [0 2 4 0]
 [0 0 0 0]
 [0 0 0 0]]
Difference
[[ 0  0  0  0]
 [ 0  0  0  0]
 [ 0  0  0  0]
 [ 0  0  0  0]
 [ 0  0  0  0]]
Input Blue/Red Objects
[[[1, 6], [1, 7], [2, 6], [2, 7]]]
Input Yellow Objects
[[[3, 7]]]
Output Blue/Red Objects
[[[0, 1], [0, 2], [1, 1], [1, 2]]]
Output Yellow Objects
[[[2, 2]]]
--------------------------------------------------------------------------------
Input Grid:
[[0 0 0 0 0 0 0 0 0 0 0 0 0 0]
 [0 0 0 0 0 0 0 0 0 0 0 0 0 0]
 [0 0 0 0 0 0 0 0 0 0 0 0 0 0]
 [0 0 0 0 0 0 0 0 0 0 1 1 1 0]
 [0 0 0 0 0 0 0 0 0 0 2 2 1 0]
 [0 0 0 0 0 0 0 0 0 0 2 4 4 0]
 [0 0 0 0 0 0 0 0 0 0 0 0 0 0]]
Expected Output Grid:
[[0 0 0 0 0 0]
 [0 1 1 1 0 0]
 [0 2 2 1 0 0]
 [0 2 4 4 0 0]
 [0 0 0 0 0 0]
 [0 0 0 0 0 0]]
Predicted Output Grid:
[[0 0 0 1 1 1]
 [0 0 0 2 2 1]
 [0 0 0 0 4 4]
 [0 0 0 0 0 0]
 [0 0 0 0 0 0]
 [0 0 0 0 0 0]]
Difference
[[ 0  0  0 -1  1  1]
 [ 0  1  1  1  1  1]
 [ 0  2  4 -4  4  0]
 [ 0  0  0  0  0  0]
 [ 0  0  0  0  0  0]
 [ 0  0  0  0  0  0]]
Input Blue/Red Objects
[[[3, 10], [3, 11], [3, 12], [4, 10], [4, 11], [4, 12]]]
Input Yellow Objects
[[[5, 11], [5, 12]]]
Output Blue/Red Objects
[[[1, 1], [1, 2], [1, 3], [2, 1], [2, 2], [2, 3]]]
Output Yellow Objects
[[[3, 1], [3, 2]]]
--------------------------------------------------------------------------------
Input Grid:
[[0 0 0 0 0 0 0 0 0 0]
 [0 0 0 0 0 0 0 0 1 0]
 [0 0 0 0 0 0 0 2 1 0]
 [0 0 0 0 0 0 0 2 4 0]
 [0 0 0 0 0 0 0 0 0 0]]
Expected Output Grid:
[[0 0 1 0]
 [0 2 1 0]
 [0 2 4 0]
 [0 0 0 0]]
Predicted Output Grid:
[[0 0 1 0]
 [0 0 2 1]
 [0 0 2 4]
 [0 0 0 0]
 [0 0 0 0]]
Difference
[[ 0  0  0  0]
 [ 0 -2  1  1]
 [ 0 -2  2  4]
 [ 0  0  0  0]
 [ 0  0  0  0]]
Input Blue/Red Objects
[[[1, 8], [2, 7], [2, 8]]]
Input Yellow Objects
[[[3, 8]]]
Output Blue/Red Objects
[[[0, 2], [1, 1], [1, 2]]]
Output Yellow Objects
[[[2, 2]]]
--------------------------------------------------------------------------------