Example 1: Accuracy = 1.0000
Predicted Output:
[[2 0 0 0 0 4]
 [0 0 0 0 0 0]
 [0 0 0 0 0 0]
 [0 0 5 0 0 0]
 [0 0 0 0 6 0]
 [0 0 0 0 0 0]]
Expected Output:
[[2 0 0 0 0 4]
 [0 0 0 0 0 0]
 [0 0 0 0 0 0]
 [0 0 5 0 0 0]
 [0 0 0 0 6 0]
 [0 0 0 0 0 0]]

Example 2: Accuracy = 0.8889
Predicted Output:
[[2 0 0 0 0 4]
 [0 0 0 0 0 0]
 [0 0 0 0 0 0]
 [0 0 0 5 0 0]
 [0 0 0 0 0 0]
 [0 0 0 0 0 0]]
Expected Output:
[[2 0 0 0 0 4]
 [0 0 0 0 0 0]
 [0 0 0 0 0 0]
 [0 0 0 5 0 0]
 [0 0 0 0 0 0]
 [0 0 0 0 0 0]]

Example 3: Accuracy = 0.8889
Predicted Output:
[[2 0 0 0 0 4]
 [0 0 0 0 0 0]
 [0 0 0 0 0 0]
 [0 0 0 0 0 0]
 [0 0 0 0 0 0]
 [0 0 0 0 0 0]]
Expected Output:
[[2 0 0 0 0 4]
 [0 0 0 0 0 0]
 [0 0 0 0 0 0]
 [0 0 0 0 0 0]
 [0 0 0 0 0 0]
 [0 0 0 0 0 0]]