Input:
[[8 5 5 8]
 [5 5 5 5]
 [1 1 1 1]
 [5 0 0 5]
 [8 0 5 8]]

Expected Output:
[[8 8 8 8]
 [8 8 8 8]
 [8 8 8 8]
 [8 8 8 5]]

Predicted Output:
[[8 8 8 8]
 [8 8 8 8]
 [8 8 8 8]
 [8 8 8 5]]

Is Correct: True
--------------------
Input:
[[7 7 7 7 7 7 7]
 [7 7 2 7 7 2 7]
 [7 7 7 7 7 7 7]
 [1 1 1 1 1 1 1]
 [7 7 7 7 7 7 7]
 [7 2 7 7 7 2 7]]

Expected Output:
[[7 7 7 7]
 [7 7 7 7]
 [7 7 7 7]
 [7 7 7 7]]

Predicted Output:
[[7 7 7 7]
 [7 7 7 7]
 [7 7 7 7]
 [7 7 7 7]]

Is Correct: True
--------------------
Input:
[[0 0 9 9 9 0 0 0 9]
 [9 9 0 9 9 9 9 9 9]
 [1 1 1 1 1 1 1 1 1]
 [9 9 9 9 0 9 9 9 9]
 [0 0 9 9 9 0 0 9 0]]

Expected Output:
[[0 9 9 0]
 [9 9 9 9]
 [0 9 9 0]
 [0 9 9 9]]

Predicted Output:
[[0 9 9 0]
 [9 0 0 9]
 [0 0 0 9]
 [0 0 0 9]]

Is Correct: False
--------------------