--------------------
Input grid shape: (16, 30)
Output grid shape: (16, 30)
Location of 1 (blue) in input: [[ 4  4]
 [ 4  5]
 [ 4  6]
 [ 4  7]
 [ 4  8]
 [ 4  9]
 [ 4 10]
 [ 4 11]
 [ 4 12]
 [ 4 13]
 [ 4 14]
 [ 4 15]
 [ 4 16]
 [ 4 17]
 [ 4 18]
 [ 4 19]
 [ 4 20]
 [ 4 21]
 [ 5  4]
 [ 5 21]
 [ 6  4]
 [ 6 21]
 [ 7  4]
 [ 7 21]
 [ 8  4]
 [ 8 21]
 [ 9  4]
 [ 9 21]
 [10  4]
 [10 21]
 [11  4]
 [11 21]
 [12  4]
 [12  5]
 [12  6]
 [12  7]
 [12  8]
 [12  9]
 [12 10]
 [12 11]
 [12 12]
 [12 13]
 [12 14]
 [12 15]
 [12 16]
 [12 17]
 [12 18]
 [12 19]
 [12 20]
 [12 21]]
Location of 2 (red) in output: [[ 4  4]
 [ 4  5]
 [ 4  6]
 [ 4  7]
 [ 4  8]
 [ 4  9]
 [ 4 10]
 [ 4 11]
 [ 4 12]
 [ 4 13]
 [ 4 14]
 [ 4 15]
 [ 4 16]
 [ 4 17]
 [ 4 18]
 [ 4 19]
 [ 4 20]
 [ 4 21]
 [ 5  4]
 [ 5 21]
 [ 6  4]
 [ 6 21]
 [ 7  4]
 [ 7 21]
 [ 8  4]
 [ 8 21]
 [ 9  4]
 [ 9 21]
 [10  4]
 [10 21]
 [11  4]
 [11 21]
 [12  4]
 [12  5]
 [12  6]
 [12  7]
 [12  8]
 [12  9]
 [12 10]
 [12 11]
 [12 12]
 [12 13]
 [12 14]
 [12 15]
 [12 16]
 [12 17]
 [12 18]
 [12 19]
 [12 20]
 [12 21]]
Enclosed Components: [[(4, 5), (4, 6), (4, 7), (4, 8), (4, 9), (4, 10), (4, 11), (4, 12), (4, 13), (4, 14), (4, 15), (4, 16), (4, 17), (4, 18), (4, 19), (4, 20), (4, 21), (5, 21), (6, 21), (7, 21), (8, 21), (9, 21), (10, 21), (11, 21), (12, 21), (12, 20), (12, 19), (12, 18), (12, 17), (12, 16), (12, 15), (12, 14), (12, 13), (12, 12), (12, 11), (12, 10), (12, 9), (12, 8), (12, 7), (12, 6), (12, 5), (12, 4), (11, 4), (10, 4), (9, 4), (8, 4), (7, 4), (6, 4), (5, 4), (4, 4)]]
Largest Enclosed Area: [(4, 5), (4, 6), (4, 7), (4, 8), (4, 9), (4, 10), (4, 11), (4, 12), (4, 13), (4, 14), (4, 15), (4, 16), (4, 17), (4, 18), (4, 19), (4, 20), (4, 21), (5, 21), (6, 21), (7, 21), (8, 21), (9, 21), (10, 21), (11, 21), (12, 21), (12, 20), (12, 19), (12, 18), (12, 17), (12, 16), (12, 15), (12, 14), (12, 13), (12, 12), (12, 11), (12, 10), (12, 9), (12, 8), (12, 7), (12, 6), (12, 5), (12, 4), (11, 4), (10, 4), (9, 4), (8, 4), (7, 4), (6, 4), (5, 4), (4, 4)]
--------------------
Input grid shape: (13, 19)
Output grid shape: (13, 19)
Location of 1 (blue) in input: [[ 3  4]
 [ 3  5]
 [ 3  6]
 [ 3  7]
 [ 3  8]
 [ 3  9]
 [ 3 10]
 [ 3 11]
 [ 3 12]
 [ 4  4]
 [ 4 12]
 [ 5  4]
 [ 5 12]
 [ 6  4]
 [ 6 12]
 [ 7  4]
 [ 7 12]
 [ 8  4]
 [ 8 12]
 [ 9  4]
 [ 9 12]
 [10  4]
 [10  5]
 [10  6]
 [10  7]
 [10  8]
 [10  9]
 [10 10]
 [10 11]
 [10 12]]
Location of 2 (red) in output: [[ 3  4]
 [ 3  5]
 [ 3  6]
 [ 3  7]
 [ 3  8]
 [ 3  9]
 [ 3 10]
 [ 3 11]
 [ 3 12]
 [ 4  4]
 [ 4 12]
 [ 5  4]
 [ 5 12]
 [ 6  4]
 [ 6 12]
 [ 7  4]
 [ 7 12]
 [ 8  4]
 [ 8 12]
 [ 9  4]
 [ 9 12]
 [10  4]
 [10  5]
 [10  6]
 [10  7]
 [10  8]
 [10  9]
 [10 10]
 [10 11]
 [10 12]]
Enclosed Components: [[(3, 5), (3, 6), (3, 7), (3, 8), (3, 9), (3, 10), (3, 11), (3, 12), (4, 12), (5, 12), (6, 12), (7, 12), (8, 12), (9, 12), (10, 12), (10, 11), (10, 10), (10, 9), (10, 8), (10, 7), (10, 6), (10, 5), (10, 4), (9, 4), (8, 4), (7, 4), (6, 4), (5, 4), (4, 4), (3, 4)]]
Largest Enclosed Area: [(3, 5), (3, 6), (3, 7), (3, 8), (3, 9), (3, 10), (3, 11), (3, 12), (4, 12), (5, 12), (6, 12), (7, 12), (8, 12), (9, 12), (10, 12), (10, 11), (10, 10), (10, 9), (10, 8), (10, 7), (10, 6), (10, 5), (10, 4), (9, 4), (8, 4), (7, 4), (6, 4), (5, 4), (4, 4), (3, 4)]
--------------------
Input grid shape: (9, 17)
Output grid shape: (9, 17)
Location of 1 (blue) in input: [[3 6]
 [3 7]
 [3 8]
 [3 9]
 [3 10]
 [4 6]
 [4 10]
 [5 6]
 [5 10]
 [6 6]
 [6 7]
 [6 8]
 [6 9]
 [6 10]]
Location of 2 (red) in output: [[3 6]
 [3 7]
 [3 8]
 [3 9]
 [3 10]
 [4 6]
 [4 10]
 [5 6]
 [5 10]
 [6 6]
 [6 7]
 [6 8]
 [6 9]
 [6 10]]
Enclosed Components: [[(3, 7), (3, 8), (3, 9), (3, 10), (4, 10), (5, 10), (6, 10), (6, 9), (6, 8), (6, 7), (6, 6), (5, 6), (4, 6), (3, 6)]]
Largest Enclosed Area: [(3, 7), (3, 8), (3, 9), (3, 10), (4, 10), (5, 10), (6, 10), (6, 9), (6, 8), (6, 7), (6, 6), (5, 6), (4, 6), (3, 6)]