Input:
[[0, 0, 0, 0, 0, 0, 0, 0, 0, 0],
 [0, 0, 0, 0, 0, 0, 0, 0, 0, 0],
 [0, 0, 0, 0, 0, 0, 0, 0, 0, 0],
 [0, 0, 0, 0, 0, 0, 0, 0, 0, 0],
 [0, 0, 0, 0, 0, 0, 0, 0, 0, 0],
 [0, 0, 0, 0, 0, 0, 0, 0, 0, 0],
 [0, 0, 0, 0, 0, 0, 0, 0, 0, 0],
 [5, 0, 0, 0, 0, 0, 0, 0, 0, 0],
 [5, 0, 0, 0, 0, 0, 0, 0, 0, 0],
 [5, 0, 0, 0, 0, 0, 0, 0, 0, 0]]

Output:
[[0, 0, 0, 0, 0, 0, 0, 0, 0, 0],
 [0, 0, 0, 0, 0, 0, 0, 0, 0, 0],
 [0, 0, 0, 0, 0, 0, 0, 0, 0, 0],
 [0, 0, 0, 0, 0, 0, 0, 0, 0, 0],
 [0, 0, 0, 0, 0, 0, 0, 0, 0, 0],
 [0, 0, 0, 0, 0, 0, 0, 0, 0, 0],
 [0, 0, 0, 0, 0, 0, 0, 0, 0, 0],
 [5, 0, 0, 0, 0, 0, 0, 0, 0, 0],
 [5, 0, 0, 0, 0, 0, 0, 0, 0, 0],
 [5, 0, 0, 0, 0, 0, 0, 0, 0, 0]]