Example 1:
  Input Objects: [(1, 1, 1), (3, 4, 2)]
  Input Grid:
[[0 0 0 0 0 0]
 [0 1 0 0 0 0]
 [0 0 0 0 0 0]
 [0 0 0 0 2 0]
 [0 0 0 0 0 0]]
  Expected Output:
[[0 0 0 0 0 0]
 [0 1 1 1 1 1]
 [0 0 0 0 0 0]
 [0 0 0 0 2 2]
 [0 0 0 0 0 0]]
  Actual Output:
[[0 0 0 0 0 0]
 [0 1 0 0 0 0]
 [0 0 0 0 0 0]
 [0 0 0 0 2 0]
 [0 0 0 0 0 0]]
  Match: False
--------------------
Example 2:
  Input Objects: [(1, 1, 1), (3, 2, 2)]
  Input Grid:
[[0 0 0 0 0 0]
 [0 1 1 1 0 0]
 [0 0 0 0 0 0]
 [0 0 2 2 2 2]
 [0 0 0 0 0 0]]
  Expected Output:
[[0 0 0 0 0 0]
 [0 1 1 1 1 1]
 [0 0 0 0 0 0]
 [0 0 2 2 2 2]
 [0 0 0 0 0 0]]
  Actual Output:
[[0 0 0 0 0 0]
 [0 1 1 1 0 0]
 [0 0 0 0 0 0]
 [0 0 2 2 2 2]
 [0 0 0 0 0 0]]
  Match: False
--------------------
Example 3:
  Input Objects: [(1, 3, 1), (3, 1, 2)]
  Input Grid:
[[0 0 0 0 0 0]
 [0 0 0 1 0 0]
 [0 0 0 0 0 0]
 [0 2 0 0 0 0]
 [0 0 0 0 0 0]]
  Expected Output:
[[0 0 0 0 0 0]
 [0 0 0 1 1 1]
 [0 0 0 0 0 0]
 [0 2 2 2 2 2]
 [0 0 0 0 0 0]]
  Actual Output:
[[0 0 0 0 0 0]
 [0 0 0 1 0 0]
 [0 0 0 0 0 0]
 [0 2 0 0 0 0]
 [0 0 0 0 0 0]]
  Match: False
--------------------