Example 1:
  Expected Output: [[0, 0, 0, 0, 0], [0, 0, 0, 0, 0], [0, 0, 8, 0, 0], [0, 0, 0, 0, 0], [0, 0, 0, 0, 0]]
  Actual Output:   [[0, 0, 0, 0, 0], [0, 0, 0, 0, 0], [0, 0, 8, 0, 0], [0, 0, 0, 0, 0], [0, 0, 0, 0, 0]]
  Match:           True
Example 2:
  Expected Output: [[0, 0, 0, 0, 0], [0, 0, 0, 0, 0], [0, 0, 8, 1, 1], [0, 0, 0, 0, 0], [0, 0, 0, 0, 0]]
  Actual Output:   [[0, 0, 0, 0, 0], [0, 0, 0, 0, 0], [0, 0, 8, 1, 1], [0, 0, 0, 0, 0], [0, 0, 0, 0, 0]]
  Match:           True
Example 3:
  Expected Output: [[0, 0, 1, 0, 0], [0, 0, 1, 0, 0], [1, 1, 8, 1, 1], [0, 0, 1, 0, 0], [0, 0, 1, 0, 0]]
  Actual Output:   [[0, 0, 1, 0, 0], [0, 0, 1, 0, 0], [1, 1, 8, 1, 1], [0, 0, 1, 0, 0], [0, 0, 1, 0, 0]]
  Match:           True
Example 4:
  Expected Output: [[0, 0, 0, 0, 0], [0, 1, 0, 0, 2], [1, 8, 1, 1, 1], [0, 1, 0, 0, 2], [0, 0, 0, 0, 0]]
  Actual Output:   [[0, 0, 0, 0, 0], [0, 1, 0, 0, 0], [1, 8, 1, 1, 1], [0, 1, 0, 0, 0], [0, 0, 0, 0, 0]]
  Match:           False