Input Grid:
 [[0 0 0 0 0 9]
 [0 0 0 8 0 0]
 [0 0 0 0 0 0]
 [4 0 0 0 0 0]
 [4 0 7 8 0 0]
 [4 0 7 0 0 0]]

Output Grid:
 [[0 0 0 0 0 0]
 [0 0 0 8 0 0]
 [0 0 0 0 0 0]
 [4 0 0 0 0 0]
 [4 0 7 8 0 0]
 [4 0 7 8 0 9]]

Input Non-zero Pixels: [(np.int64(9), (0, 5)), (np.int64(8), (1, 3)), (np.int64(4), (3, 0)), (np.int64(4), (4, 0)), (np.int64(7), (4, 2)), (np.int64(8), (4, 3)), (np.int64(4), (5, 0)), (np.int64(7), (5, 2))]
Output Non-zero Pixels: [(np.int64(8), (1, 3)), (np.int64(4), (3, 0)), (np.int64(4), (4, 0)), (np.int64(7), (4, 2)), (np.int64(8), (4, 3)), (np.int64(4), (5, 0)), (np.int64(7), (5, 2)), (np.int64(8), (5, 3)), (np.int64(9), (5, 5))]
