# Simulated Code Execution Results

## Example 1
Input:
[[0 0 0 0 0 0]
 [0 0 0 0 0 0]
 [0 0 0 1 0 0]
 [0 0 0 1 0 0]
 [0 0 0 1 0 0]
 [0 0 0 0 0 0]]
Expected Output:
[[0 0 0 0 0 0]
 [0 0 0 0 0 0]
 [0 0 0 1 0 0]
 [0 0 0 1 0 0]
 [0 0 0 1 0 0]
 [0 0 0 1 0 0]]
Actual Output:
[[0 0 0 0 0 0]
 [0 0 0 0 0 0]
 [0 0 0 1 0 0]
 [0 0 0 1 0 0]
 [0 0 0 1 0 0]
 [0 0 0 1 0 0]]
Result: Pass

## Example 2
Input:
[[0 0 0 0 0]
 [0 3 0 0 0]
 [0 3 0 1 0]
 [6 3 0 1 0]
 [0 0 0 1 0]
 [0 0 0 0 0]]
Expected Output:
[[0 0 0 0 0]
 [0 3 0 0 0]
 [0 3 0 1 0]
 [0 3 0 1 0]
 [6 0 0 1 0]
 [0 0 0 1 0]]
Actual Output:
[[0 0 0 0 0]
 [0 3 0 0 0]
 [0 3 0 1 0]
 [0 3 0 1 0]
 [6 0 0 1 0]
 [0 0 0 1 0]]
Result: Pass

## Example 3
Input:
[[0 0 0 1 2 0]
 [0 0 0 1 2 0]
 [0 0 0 1 0 0]
 [0 0 0 1 0 0]
 [0 0 0 0 0 0]
 [0 0 0 0 0 0]]
Expected Output:
[[0 0 0 0 0 0]
 [0 0 0 0 0 0]
 [0 0 0 1 2 0]
 [0 0 0 1 2 0]
 [0 0 0 1 0 0]
 [0 0 0 0 0 0]]
Actual Output:
[[0 0 0 0 0 0]
 [0 0 0 0 0 0]
 [0 0 0 1 2 0]
 [0 0 0 1 2 0]
 [0 0 0 1 0 0]
 [0 0 0 0 0 0]]

Result: Pass