Example 1:
Input:
 [[0 0 0 0 0 0]
 [0 0 0 0 0 0]
 [0 0 0 1 0 0]
 [6 0 0 1 0 0]
 [0 0 0 0 0 0]]
Expected Output:
 [[0 0 0 0 0 0]
 [0 0 0 0 0 0]
 [0 0 0 1 0 0]
 [6 0 0 0 0 0]
 [0 0 0 1 0 0]]
Predicted Output:
 [[0 0 0 0 0 0]
 [0 0 0 0 0 0]
 [0 0 0 1 0 0]
 [6 0 0 0 0 0]
 [0 0 0 1 0 0]]
Match: True
--------------------
Example 2:
Input:
 [[0 0 0 0 0 0 0]
 [0 3 0 0 2 0 0]
 [0 0 0 0 0 0 0]
 [0 3 0 0 0 0 0]
 [0 0 0 0 0 0 0]]
Expected Output:
 [[0 0 0 0 0 0 0]
 [0 0 0 0 0 0 0]
 [0 3 0 0 2 0 0]
 [0 3 0 0 0 0 0]
 [0 0 0 0 0 0 0]]
Predicted Output:
 [[0 0 0 0 0 0 0]
 [0 0 0 0 0 0 0]
 [0 3 0 0 0 0 0]
 [0 3 0 0 0 0 0]
 [0 0 0 0 0 0 0]]
Match: False
--------------------
Example 3:
Input:
 [[0 0 0 0 2 0]
 [0 0 0 0 0 0]
 [0 3 0 1 0 0]
 [6 0 0 0 0 0]
 [0 0 0 0 0 0]]
Expected Output:
 [[0 0 0 0 0 0]
 [0 0 0 0 2 0]
 [0 3 0 0 0 0]
 [6 0 0 1 0 0]
 [0 0 0 0 0 0]]
Predicted Output:
 [[0 0 0 0 0 0]
 [0 0 0 0 2 0]
 [0 3 0 1 0 0]
 [6 0 0 0 0 0]
 [0 0 0 0 0 0]]
Match: False
--------------------