Example 0:
Input:
[[0 0 0 0 0 0]
 [0 0 0 0 0 0]
 [0 0 0 0 0 0]
 [0 0 0 1 1 1]
 [0 0 0 0 0 0]
 [3 3 3 0 0 0]]
Output:
[[1 1 1]
 [0 0 0]
 [3 3 3]]
Result:
[[1 1 1]
 [0 0 0]
 [3 3 3]]

Example 1:
Input:
[[1 1 1 1 1 1]
 [1 1 1 1 1 1]
 [1 1 1 1 1 1]
 [3 3 3 3 3 3]
 [3 3 3 3 3 3]
 [3 3 3 3 3 3]]
Output:
[[1 1 1]
 [1 1 1]
 [1 1 1]]
Result:
[[1 1 1]
 [0 0 0]
 [3 3 3]]

Example 2:
Input:
[[1 1 1 0 0 0]
 [1 1 1 0 0 0]
 [1 1 1 0 0 0]
 [0 0 0 0 0 0]
 [0 0 0 2 2 2]
 [0 0 0 2 2 2]]
Output:
[[1 1 1]
 [1 1 1]
 [1 1 1]]
Result:
[[1 1 1]
 [0 0 0]
 [0 0 0]]