import numpy as np

def calculate_accuracy(predicted, actual):
    """Calculates the pixel-wise accuracy between two grids."""
    predicted_array = np.array(predicted)
    actual_array = np.array(actual)
    if predicted_array.shape != actual_array.shape:
        return 0
    correct_pixels = np.sum(predicted_array == actual_array)
    total_pixels = predicted_array.size
    return (correct_pixels / total_pixels) * 100 if total_pixels else 0

examples = [
    {
        'input': [[0, 0, 0, 0, 0, 0, 0, 0, 0], [0, 0, 0, 0, 0, 0, 0, 0, 0], [0, 0, 0, 0, 0, 0, 0, 0, 0], [0, 0, 0, 0, 0, 0, 0, 0, 0], [0, 0, 0, 0, 0, 0, 0, 0, 0], [5, 5, 5, 5, 5, 5, 5, 5, 5], [0, 0, 0, 0, 0, 0, 0, 0, 0], [0, 0, 0, 0, 0, 0, 0, 0, 0], [0, 0, 0, 0, 0, 0, 0, 0, 0], [0, 0, 0, 0, 0, 0, 0, 0, 0], [0, 0, 0, 0, 0, 0, 0, 0, 0]],
        'output': [[0, 0, 0, 0, 0, 0, 0, 0, 0], [0, 0, 0, 0, 0, 0, 0, 0, 0], [0, 0, 0, 0, 0, 0, 0, 0, 0], [0, 0, 0, 0, 0, 0, 0, 0, 0], [0, 0, 0, 0, 0, 0, 0, 0, 0], [5, 5, 5, 5, 5, 5, 5, 5, 5], [0, 0, 0, 0, 0, 0, 0, 0, 0], [0, 0, 0, 0, 0, 0, 0, 0, 0], [0, 0, 0, 0, 0, 0, 0, 0, 0], [0, 0, 0, 0, 0, 0, 0, 0, 0], [0, 0, 0, 0, 0, 0, 0, 0, 0]]
    },
    {
        'input': [[0, 0, 0, 0, 0, 0, 0, 0, 0], [0, 5, 0, 5, 0, 5, 0, 5, 0], [0, 0, 0, 0, 0, 0, 0, 0, 0], [0, 5, 0, 5, 0, 5, 0, 5, 0], [0, 0, 0, 0, 0, 0, 0, 0, 0], [5, 5, 5, 5, 5, 5, 5, 5, 5], [0, 0, 0, 0, 0, 0, 0, 0, 0], [0, 5, 0, 5, 0, 5, 0, 5, 0], [0, 0, 0, 0, 0, 0, 0, 0, 0], [0, 5, 0, 5, 0, 5, 0, 5, 0], [0, 0, 0, 0, 0, 0, 0, 0, 0]],
        'output': [[0, 0, 0, 0, 0, 0, 0, 0, 0], [0, 5, 0, 5, 0, 5, 0, 5, 0], [0, 0, 0, 0, 0, 0, 0, 0, 0], [0, 5, 0, 5, 0, 5, 0, 5, 0], [0, 0, 0, 0, 0, 0, 0, 0, 0], [5, 5, 5, 5, 5, 5, 5, 5, 5], [0, 0, 0, 0, 0, 0, 0, 0, 0], [0, 5, 0, 5, 0, 5, 0, 5, 0], [0, 0, 0, 0, 0, 0, 0, 0, 0], [0, 5, 0, 5, 0, 5, 0, 5, 0], [0, 0, 0, 0, 0, 0, 0, 0, 0]]
    },
    {
        'input': [[0, 0, 0, 0, 0, 0, 0, 0, 0], [0, 0, 0, 0, 0, 0, 0, 0, 0], [0, 0, 0, 0, 0, 0, 0, 0, 0], [0, 0, 0, 0, 0, 0, 0, 0, 0], [0, 0, 0, 0, 0, 0, 0, 0, 0], [1, 1, 1, 1, 1, 1, 1, 1, 1], [0, 0, 0, 0, 0, 0, 0, 0, 0], [0, 0, 0, 0, 0, 0, 0, 0, 0], [0, 0, 0, 0, 0, 0, 0, 0, 0], [0, 0, 0, 0, 0, 0, 0, 0, 0], [0, 0, 0, 0, 0, 0, 0, 0, 0]],
        'output': [[0, 0, 0, 0, 0, 0, 0, 0, 0], [0, 0, 0, 0, 0, 0, 0, 0, 0], [0, 0, 0, 0, 0, 0, 0, 0, 0], [0, 0, 0, 0, 0, 0, 0, 0, 0], [0, 0, 0, 0, 0, 0, 0, 0, 0], [5, 5, 5, 5, 5, 5, 5, 5, 5], [0, 0, 0, 0, 0, 0, 0, 0, 0], [0, 0, 0, 0, 0, 0, 0, 0, 0], [0, 0, 0, 0, 0, 0, 0, 0, 0], [0, 0, 0, 0, 0, 0, 0, 0, 0], [0, 0, 0, 0, 0, 0, 0, 0, 0]]
    },
    {
        'input': [[5, 5, 5, 5, 5, 5, 5, 5, 5], [5, 5, 5, 5, 5, 5, 5, 5, 5], [5, 5, 5, 5, 5, 5, 5, 5, 5], [5, 5, 5, 5, 5, 5, 5, 5, 5], [5, 5, 5, 5, 5, 5, 5, 5, 5], [5, 5, 5, 5, 5, 5, 5, 5, 5], [5, 5, 5, 5, 5, 5, 5, 5, 5], [5, 5, 5, 5, 5, 5, 5, 5, 5], [5, 5, 5, 5, 5, 5, 5, 5, 5], [5, 5, 5, 5, 5, 5, 5, 5, 5], [5, 5, 5, 5, 5, 5, 5, 5, 5]],
        'output': [[5, 5, 5, 5, 5, 5, 5, 5, 5], [5, 5, 5, 5, 5, 5, 5, 5, 5], [5, 5, 5, 5, 5, 5, 5, 5, 5], [5, 5, 5, 5, 5, 5, 5, 5, 5], [5, 5, 5, 5, 5, 5, 5, 5, 5], [5, 5, 5, 5, 5, 5, 5, 5, 5], [5, 5, 5, 5, 5, 5, 5, 5, 5], [5, 5, 5, 5, 5, 5, 5, 5, 5], [5, 5, 5, 5, 5, 5, 5, 5, 5], [5, 5, 5, 5, 5, 5, 5, 5, 5], [5, 5, 5, 5, 5, 5, 5, 5, 5]]
    },
    {
        'input': [[5, 5, 5, 5, 5, 5, 5, 5, 5], [5, 2, 5, 5, 5, 5, 5, 5, 5], [5, 5, 5, 5, 5, 5, 5, 5, 5], [5, 5, 5, 5, 5, 5, 5, 5, 5], [5, 5, 5, 5, 5, 5, 5, 5, 5], [5, 5, 5, 5, 5, 5, 5, 5, 5], [5, 5, 5, 5, 5, 5, 5, 5, 5], [5, 5, 5, 5, 5, 5, 5, 5, 5], [5, 5, 5, 5, 5, 5, 5, 5, 5], [5, 5, 5, 5, 5, 5, 5, 5, 5], [5, 5, 5, 5, 5, 5, 5, 5, 5]],
        'output': [[5, 5, 5, 5, 5, 5, 5, 5, 5], [5, 5, 5, 5, 5, 5, 5, 5, 5], [5, 5, 5, 5, 5, 5, 5, 5, 5], [5, 5, 5, 5, 5, 5, 5, 5, 5], [5, 5, 5, 5, 5, 5, 5, 5, 5], [5, 5, 5, 5, 5, 5, 5, 5, 5], [5, 5, 5, 5, 5, 5, 5, 5, 5], [5, 5, 5, 5, 5, 5, 5, 5, 5], [5, 5, 5, 5, 5, 5, 5, 5, 5], [5, 5, 5, 5, 5, 5, 5, 5, 5], [5, 5, 5, 5, 5, 5, 5, 5, 5]]
    }
]
import json
for index,example in enumerate(examples):
  print(f"example: {index}")
  predicted = transform(example['input'])
  print(f"accuracy: {calculate_accuracy(predicted,example['output'])}")
  print(f"predicted:")
  print(json.dumps(predicted))
  print(f"expected:")
  print(json.dumps(example['output']))