Example 0:
Input:
[[0 0 0 0 0 0 0 0 0]
 [0 0 0 0 0 0 0 0 0]
 [0 0 0 0 0 0 0 0 0]
 [1 1 1 1 1 1 1 1 1]
 [0 0 0 0 0 0 0 0 0]
 [0 0 0 0 5 0 0 0 0]
 [0 0 0 0 5 0 0 0 0]
 [0 0 0 0 5 0 0 0 0]
 [0 0 0 0 5 0 0 0 0]]
Expected Output:
[[0 0 0]
 [0 2 0]
 [0 0 0]]
Actual Output:
[[0 0 0]
 [0 2 0]
 [0 0 0]]
Result: Pass

Example 1:
Input:
[[0 0 0 0 0 0 0 0]
 [0 0 0 0 0 0 0 0]
 [0 0 0 0 5 0 0 0]
 [1 1 1 1 1 1 1 1]
 [0 0 0 0 5 0 0 0]
 [0 0 0 0 5 0 0 0]
 [0 0 0 0 0 0 0 0]
 [0 0 0 0 0 0 0 0]]
Expected Output:
[[0 0 0]
 [0 2 0]
 [0 0 0]]
Actual Output:
[[0 0 0]
 [0 2 0]
 [0 0 0]]
Result: Pass

Example 2:
Input:
[[0 0 0 0 0 0 0]
 [0 0 0 0 5 0 0]
 [0 0 0 0 5 0 0]
 [1 1 1 1 1 1 1]
 [0 0 0 0 5 0 0]
 [0 0 0 0 0 0 0]
 [0 0 0 0 0 0 0]]
Expected Output:
[[0 0 0]
 [0 2 0]
 [0 0 0]]
Actual Output:
[[0 0 0]
 [0 2 0]
 [0 0 0]]
Result: Pass