Example 1 Input:
[[2, 8, 3], [8, 3, 0], [3, 0, 0]]
Example 1 Output:
[[2, 8, 3], [8, 3, 3], [3, 3, 3]]
Example 1 Code Result:
[[2, 8, 3], [8, 3, 3], [3, 3, 3]]
Result: Correct

Example 2 Input:
[[2, 8, 3], [8, 3, 0], [3, 0, 9]]
Example 2 Output:
[[2, 8, 3], [8, 3, 3], [3, 3, 9]]
Example 2 Code Result:
[[2, 8, 3], [8, 3, 3], [3, 3, 9]]
Result: Correct

Example 3 Input:
[[2, 8, 0, 3, 0, 0, 6, 0, 4], [8, 0, 0, 6, 0, 0, 8, 9, 0], [0, 0, 0, 8, 4, 0, 0, 2, 0], [0, 0, 0, 9, 0, 0, 0, 0, 6], [5, 5, 0, 9, 1, 7, 5, 0, 0], [0, 0, 0, 5, 0, 0, 0, 0, 0], [0, 7, 0, 0, 0, 0, 0, 0, 0], [0, 0, 4, 0, 0, 0, 0, 5, 3], [0, 7, 0, 0, 7, 7, 0, 0, 9]]
Example 3 Output:
[[2, 8, 8, 3, 3, 3, 6, 6, 4], [8, 8, 8, 6, 6, 6, 8, 9, 9], [8, 8, 8, 8, 4, 4, 4, 2, 2], [9, 9, 9, 9, 9, 9, 9, 9, 6], [5, 5, 5, 9, 1, 7, 5, 5, 5], [5, 5, 5, 5, 5, 5, 5, 5, 5], [7, 7, 7, 7, 7, 7, 7, 7, 7], [7, 7, 4, 4, 4, 4, 4, 5, 3], [7, 7, 7, 7, 7, 7, 7, 7, 9]]
Example 3 Code Result:
[[2, 8, 8, 3, 3, 3, 6, 6, 4], [8, 8, 8, 6, 6, 6, 8, 9, 9], [0, 0, 0, 8, 4, 4, 4, 2, 2], [0, 0, 0, 9, 9, 9, 9, 9, 6], [5, 5, 5, 9, 1, 7, 5, 5, 5], [0, 0, 0, 5, 5, 5, 5, 5, 5], [0, 7, 7, 7, 7, 7, 7, 7, 7], [0, 7, 4, 4, 4, 4, 4, 5, 3], [0, 7, 7, 7, 7, 7, 7, 7, 9]]

Result: Incorrect. The fill algorithm did not correctly propagate the colors.
