Example 1:
Transformed Grid:
[[0 0 0 0 0 0 0 0 0 0]
 [0 0 0 3 0 0 0 0 0 0]
 [0 0 0 3 3 0 0 0 0 0]
 [0 0 0 0 0 0 0 0 8 0]
 [0 0 0 0 0 0 0 0 0 0]
 [0 0 0 0 0 0 0 0 8 0]
 [0 0 0 0 0 0 0 0 0 0]
 [0 0 0 0 0 0 4 4 0 0]
 [0 0 0 0 0 0 4 4 0 0]
 [0 0 0 0 0 0 4 4 0 0]
 [0 0 0 0 0 0 4 4 0 0]
 [0 0 0 0 0 0 0 0 0 0]
 [0 0 0 0 0 0 0 0 0 2]]
Expected Grid:
[[0 0 0 0 0 0 0 0 0 0]
 [0 0 0 3 0 0 0 0 0 0]
 [0 0 0 3 3 0 0 0 0 0]
 [0 0 0 0 0 0 0 0 8 0]
 [0 0 0 0 0 0 0 0 0 0]
 [0 0 0 0 0 0 0 0 8 0]
 [0 0 0 0 0 0 0 0 0 0]
 [0 0 0 0 0 0 4 4 0 0]
 [0 0 0 0 0 0 4 4 0 0]
 [0 0 0 0 0 0 4 4 0 0]
 [0 0 0 0 0 0 4 4 0 0]
 [0 0 0 0 0 0 0 0 0 0]
 [0 0 0 0 0 0 0 0 0 2]]
Match: True
--------------------
Example 2:
Transformed Grid:
[[0 0 0 0 0 0 0 0 0 0 0 0 0 0 0 0]
 [0 0 0 0 0 0 0 0 0 0 0 0 0 0 0 0]
 [0 0 0 0 0 0 0 0 0 0 0 0 0 0 0 0]
 [0 0 0 3 3 0 0 0 0 0 0 0 0 0 0 0]
 [0 0 0 0 0 0 0 0 0 0 0 0 0 0 0 0]
 [0 0 0 0 0 0 0 0 0 0 0 0 0 0 0 0]
 [0 0 0 0 0 0 0 0 0 0 0 0 0 0 0 0]
 [0 0 0 0 0 0 0 0 0 0 0 0 0 0 0 0]
 [0 0 0 0 0 0 4 4 0 0 0 0 0 8 8 0]
 [0 0 0 0 0 0 4 4 0 0 0 0 0 8 8 0]
 [0 0 0 0 0 0 4 4 0 0 0 0 0 0 0 0]
 [0 0 0 0 0 0 4 4 0 0 0 0 0 0 0 0]]
Expected Grid:
[[0 0 0 0 0 0 0 0 0 0 0 0 0 0 0 0]
 [0 0 0 0 0 0 0 0 0 0 0 0 0 0 0 0]
 [0 0 0 0 0 0 0 0 0 0 0 0 0 0 0 0]
 [0 0 0 3 3 0 0 0 0 0 0 0 0 0 0 0]
 [0 0 0 0 0 0 0 0 0 0 0 0 0 0 0 0]
 [0 0 0 0 0 0 0 0 0 0 0 0 0 0 0 0]
 [0 0 0 0 0 0 0 0 0 0 0 0 0 0 0 0]
 [0 0 0 0 0 0 0 0 0 0 0 0 0 0 0 0]
 [0 0 0 0 0 0 4 4 0 0 0 0 0 8 8 0]
 [0 0 0 0 0 0 4 4 0 0 0 0 0 8 8 0]
 [0 0 0 0 0 0 4 4 0 0 0 0 0 0 0 0]
 [0 0 0 0 0 0 4 4 0 0 0 0 0 0 0 0]]
Match: True
--------------------
Example 3:
Transformed Grid:
[[0 0 0 0 0 0 0 0 0 0 0 0 0 0 0 0 0 0 0 0 0]
 [0 0 0 0 0 0 0 0 0 0 0 0 0 0 0 0 0 0 0 0 0]
 [0 0 0 0 0 0 0 0 0 0 0 0 0 0 0 0 0 0 0 0 0]
 [0 0 0 0 0 0 0 0 0 0 0 0 0 0 0 0 0 0 0 0 0]
 [0 0 0 0 0 0 0 0 0 0 0 0 0 0 0 0 0 0 0 0 0]
 [0 0 0 0 0 0 0 0 0 0 0 0 0 0 0 0 0 0 0 0 0]
 [0 0 0 0 0 0 0 0 0 0 0 0 0 0 0 0 0 0 0 0 0]
 [0 0 0 0 0 0 0 0 0 0 0 0 0 0 0 0 0 0 0 0 0]
 [0 0 0 0 0 0 4 4 0 0 0 0 0 0 0 0 0 0 0 0 3]
 [0 0 0 0 0 0 4 4 0 0 0 0 0 0 0 0 0 0 0 0 0]
 [0 0 0 0 0 0 4 4 0 0 0 0 0 0 0 0 0 0 0 0 0]
 [0 0 0 0 0 0 4 4 0 0 0 0 0 0 0 0 0 0 0 0 0]
 [0 0 0 0 0 0 0 0 0 0 0 0 0 0 0 0 0 0 0 0 0]]
Expected Grid:
[[0 0 0 0 0 0 0 0 0 0 0 0 0 0 0 0 0 0 0 0 0]
 [0 0 0 0 0 0 0 0 0 0 0 0 0 0 0 0 0 0 0 0 0]
 [0 0 0 0 0 0 0 0 0 0 0 0 0 0 0 0 0 0 0 0 0]
 [0 0 0 0 0 0 0 0 0 0 0 0 0 0 0 0 0 0 0 0 0]
 [0 0 0 0 0 0 0 0 0 0 0 0 0 0 0 0 0 0 0 0 0]
 [0 0 0 0 0 0 0 0 0 0 0 0 0 0 0 0 0 0 0 0 0]
 [0 0 0 0 0 0 0 0 0 0 0 0 0 0 0 0 0 0 0 0 0]
 [0 0 0 0 0 0 0 0 0 0 0 0 0 0 0 0 0 0 0 0 0]
 [0 0 0 0 0 0 4 4 0 0 0 0 0 0 0 0 0 0 0 0 3]
 [0 0 0 0 0 0 4 4 0 0 0 0 0 0 0 0 0 0 0 0 3]
 [0 0 0 0 0 0 4 4 0 0 0 0 0 0 0 0 0 0 0 0 3]
 [0 0 0 0 0 0 4 4 0 0 0 0 0 0 0 0 0 0 0 0 3]
 [0 0 0 0 0 0 0 0 0 0 0 0 0 0 0 0 0 0 0 0 0]]
Match: False
--------------------