Task: task0
  Success: False
    Difference Grid (Example 0):
[[0 0 0 0 0 0 0 0 0 0]
 [0 0 0 0 0 0 0 0 0 0]
 [0 0 0 0 0 0 0 0 0 0]
 [0 0 0 0 0 0 0 0 0 0]
 [0 0 0 0 0 0 0 0 0 0]
 [0 0 0 0 0 0 0 0 0 0]
 [0 0 0 0 0 0 0 0 0 0]
 [0 0 0 0 0 0 0 0 0 0]
 [0 0 0 0 0 0 0 0 0 0]
 [0 0 0 0 0 0 0 0 0 0]]
    Difference Grid (Example 1):
[[ 0  0  0  0  0  0  0  0  0  0]
 [ 0  0  0  0  0  0  0  0  0  0]
 [ 0  0  0  0  0  0  0  0  0  0]
 [ 0  0  0  0  0  0  0  0  0  0]
 [ 0  0  0  0  0  0  0  0  0  0]
 [ 0  0  0  0 -1 -1  0  0  0  0]
 [ 0  0  0  0  0  0  0  0  0  0]
 [ 0  0  0  0  0  0  0  0  0  0]
 [ 0  0  0  0  0  0  0  0  0  0]
 [ 0  0  0  0  0  0  0  0  0  0]]
    Difference Grid (Example 2):
[[0 0 0 0 0 0 0 0 0 0]
 [0 0 0 0 0 0 0 0 0 0]
 [0 0 0 0 0 0 0 0 0 0]
 [0 0 0 0 0 0 0 0 0 0]
 [0 0 0 0 0 0 0 0 0 0]
 [0 0 0 1 1 0 0 0 0 0]
 [0 0 0 0 0 0 0 0 0 0]
 [0 0 0 0 0 0 0 0 0 0]
 [0 0 0 0 0 0 0 0 0 0]
 [0 0 0 0 0 0 0 0 0 0]]