    Input:
    [[0 0 0 0 0 0 0 0]
     [0 0 0 0 0 0 0 0]
     [0 0 0 0 0 0 0 0]
     [0 0 0 1 1 1 0 0]
     [0 0 0 1 0 1 0 0]
     [0 0 0 1 1 1 0 0]
     [0 0 0 0 0 0 0 0]
     [0 0 0 0 0 0 0 0]]

    Expected Output:
    [[3 3 3 3 3 3 3 3]
     [3 3 3 3 3 3 3 3]
     [3 3 3 3 3 3 3 3]
     [3 3 3 1 1 1 3 3]
     [3 3 3 1 0 1 3 3]
     [3 3 3 1 1 1 3 3]
     [3 3 3 3 3 3 3 3]
     [3 3 3 3 3 3 3 3]]

    Actual Output:
    [[3 3 3 3 3 3 3 3]
     [3 3 3 3 3 3 3 3]
     [3 3 3 3 3 3 3 3]
     [3 3 3 1 1 1 3 3]
     [3 3 3 1 4 1 3 3]
     [3 3 3 1 1 1 3 3]
     [3 3 3 3 3 3 3 3]
     [3 3 3 3 3 3 3 3]]
    ```

*   **Example 3:**
    *   The output is not correct

    ```
    Input:
    [[0 0 0 0 0 0]
     [0 0 0 0 0 0]
     [0 1 1 1 1 0]
     [0 1 0 0 1 0]
     [0 1 0 0 1 0]
     [0 1 1 1 1 0]
     [0 0 0 0 0 0]
     [0 0 0 0 0 0]]

    Expected Output:
    [[3 3 3 3 3 3]
     [3 3 3 3 3 3]
     [3 1 1 1 1 3]
     [3 1 4 4 1 3]
     [3 1 4 4 1 3]
     [3 1 1 1 1 3]
     [3 3 3 3 3 3]
     [3 3 3 3 3 3]]

    Actual Output:
    [[3 3 3 3 3 3]
     [3 3 3 3 3 3]
     [3 1 1 1 1 3]
     [3 1 4 4 1 3]
     [3 1 4 4 1 3]
     [3 1 1 1 1 3]
     [3 3 3 3 3 3]
     [3 3 3 3 3 3]]
    ```

**YAML Facts**
