    [[0, 0, 0, 0, 0, 0, 0, 0, 0, 0],
     [0, 0, 0, 0, 0, 0, 0, 0, 0, 0],
     [0, 0, 0, 0, 0, 0, 0, 0, 0, 0],
     [0, 0, 0, 0, 0, 0, 0, 0, 0, 0],
     [0, 0, 0, 0, 1, 0, 0, 0, 0, 0],
     [0, 0, 0, 0, 0, 0, 0, 0, 0, 0],
     [0, 0, 0, 0, 0, 0, 0, 0, 0, 0],
     [0, 0, 0, 0, 0, 0, 0, 0, 0, 0],
     [0, 0, 0, 0, 0, 0, 0, 0, 0, 0],
     [0, 0, 0, 0, 0, 0, 0, 0, 0, 0]]
    ```
*   **Expected Output**:
    ```
    [[0, 0, 0, 0, 0, 0, 0, 0, 0, 0],
     [0, 0, 0, 0, 7, 0, 0, 0, 0, 0],
     [0, 0, 0, 0, 7, 0, 0, 0, 0, 0],
     [0, 0, 0, 0, 7, 0, 0, 0, 0, 0],
     [0, 0, 0, 0, 1, 0, 0, 0, 0, 0],
     [0, 0, 0, 0, 7, 0, 0, 0, 0, 0],
     [0, 0, 0, 0, 7, 0, 0, 0, 0, 0],
     [0, 0, 0, 0, 7, 0, 0, 0, 0, 0],
     [0, 0, 0, 0, 0, 0, 0, 0, 0, 0],
     [0, 0, 0, 0, 0, 0, 0, 0, 0, 0]]
    ```
*   **Actual Output**: (Matches Expected)
    ```
    [[0, 0, 0, 0, 0, 0, 0, 0, 0, 0],
     [0, 0, 0, 0, 7, 0, 0, 0, 0, 0],
     [0, 0, 0, 0, 7, 0, 0, 0, 0, 0],
     [0, 0, 0, 0, 7, 0, 0, 0, 0, 0],
     [0, 0, 0, 0, 1, 0, 0, 0, 0, 0],
     [0, 0, 0, 0, 7, 0, 0, 0, 0, 0],
     [0, 0, 0, 0, 7, 0, 0, 0, 0, 0],
     [0, 0, 0, 0, 7, 0, 0, 0, 0, 0],
     [0, 0, 0, 0, 0, 0, 0, 0, 0, 0],
     [0, 0, 0, 0, 0, 0, 0, 0, 0, 0]]
    ```

**Example 2**

*   **Input**:
    ```
    [[0, 0, 0, 0, 0, 0, 0, 0],
     [0, 0, 0, 0, 0, 0, 0, 0],
     [0, 0, 0, 1, 0, 0, 0, 0],
     [0, 0, 0, 0, 0, 0, 0, 0],
     [0, 0, 0, 0, 0, 0, 0, 0],
     [0, 0, 0, 2, 0, 6, 0, 0],
     [0, 0, 0, 0, 0, 0, 0, 0],
     [0, 0, 0, 0, 0, 0, 0, 0]]
    ```
*   **Expected Output**:
    ```
    [[0, 0, 0, 7, 0, 0, 0, 0],
     [0, 0, 0, 7, 0, 0, 0, 0],
     [0, 0, 0, 1, 0, 0, 0, 0],
     [0, 0, 0, 7, 0, 0, 0, 0],
     [0, 0, 0, 4, 0, 0, 0, 0],
     [0, 0, 0, 2, 0, 6, 0, 0],
     [0, 0, 0, 4, 0, 0, 0, 0],
     [0, 0, 0, 0, 0, 0, 0, 0]]
    ```
*   **Actual Output**:
    ```
     [[0, 0, 0, 7, 0, 0, 0, 0],
     [0, 0, 0, 7, 0, 0, 0, 0],
     [0, 0, 0, 1, 0, 0, 0, 0],
     [0, 0, 0, 7, 0, 0, 0, 0],
     [0, 0, 0, 4, 0, 4, 0, 0],
     [0, 0, 0, 2, 0, 6, 0, 0],
     [0, 0, 0, 4, 0, 4, 0, 0],
     [0, 0, 0, 0, 0, 0, 0, 0]]
    ```
    The actual output adds yellow around the magenta '6', this should not occur.

**Example 3**

* **Input:**