        [[0, 0, 0, 0, 0, 0, 0, 0, 0, 0],
         [0, 0, 0, 0, 0, 0, 0, 0, 0, 0],
         [0, 0, 0, 0, 0, 0, 0, 0, 0, 0],
         [0, 0, 0, 0, 0, 0, 0, 0, 0, 0],
         [0, 0, 0, 0, 0, 0, 0, 0, 0, 0],
         [0, 0, 0, 0, 0, 0, 0, 0, 0, 0],
         [0, 0, 0, 0, 0, 0, 0, 0, 0, 2],
         [0, 0, 0, 0, 0, 0, 0, 0, 0, 2],
         [0, 0, 0, 0, 0, 0, 0, 0, 0, 1]]
        ```
    *   **Expected Output:**
        ```
        [[2],
         [2],
         [1]]
        ```
    *   **Code Output:** `[[2], [1]]`
    *   **Assessment:** The code produces `[[2], [1]]`. The shape is lost.

*   **Example 2:**
    *   **Input:**
        ```
        [[0, 0, 0, 0, 0, 0, 0, 0, 0],
         [0, 0, 0, 0, 0, 0, 0, 0, 0],
         [0, 0, 0, 0, 0, 0, 0, 0, 0],
         [0, 0, 0, 0, 0, 0, 0, 0, 0],
         [0, 0, 0, 0, 0, 0, 0, 0, 0],
         [7, 7, 7, 7, 7, 7, 7, 0, 0],
         [7, 7, 7, 7, 7, 7, 7, 0, 0],
         [7, 7, 7, 7, 7, 7, 7, 0, 0],
         [1, 1, 1, 1, 1, 1, 1, 0, 0]]
        ```
    *   **Expected Output:**

        ```
        [[7, 7, 7, 7, 7, 7, 7, 0, 0],
         [7, 7, 7, 7, 7, 7, 7, 0, 0],
         [7, 7, 7, 7, 7, 7, 7, 0, 0],
         [1, 1, 1, 1, 1, 1, 1, 0, 0]]
        ```
    *   **Code Output:** `[[7], [1]]`
    *   **Assessment:** Incorrect. The code collapses the regions to their color values and stacks them. It should preserve the entire horizontal lines.

*   **Example 3:**
    *   **Input:**
        ```
        [[0, 0, 0, 0, 0, 0, 0, 0],
         [0, 0, 0, 0, 0, 0, 0, 0],
         [0, 0, 0, 0, 0, 0, 0, 0],
         [0, 0, 0, 0, 0, 0, 0, 0],
         [3, 3, 3, 3, 3, 3, 3, 3],
         [3, 3, 3, 3, 3, 3, 3, 3],
         [2, 2, 2, 2, 2, 2, 2, 2],
         [2, 2, 2, 2, 2, 2, 2, 2],
         [1, 1, 1, 1, 1, 1, 1, 1]]
        ```
    *   **Expected Output:**

        ```
        [[3, 3, 3, 3, 3, 3, 3, 3],
         [3, 3, 3, 3, 3, 3, 3, 3],
         [2, 2, 2, 2, 2, 2, 2, 2],
         [2, 2, 2, 2, 2, 2, 2, 2],
         [1, 1, 1, 1, 1, 1, 1, 1]]
        ```
    *   **Code Output:** `[[3], [2], [1]]`
    *   **Assessment:** Incorrect. Same issue as the previous example.

**YAML Facts:**
