--- Example 1 ---
Input
[[8 8 8 8 8 8 8 8 8 8]
 [8 0 0 0 0 0 0 0 0 8]
 [8 0 0 0 0 0 0 0 0 8]
 [8 0 0 0 0 0 0 0 0 8]
 [8 0 0 0 0 0 0 0 0 8]
 [8 0 0 0 0 0 0 0 0 8]
 [8 8 8 8 8 8 8 8 8 8]]
Expected Output
[[4 4 4 4 4 4 4 4 4 4]
 [4 0 0 0 0 0 0 0 0 4]
 [4 0 0 0 0 0 0 0 0 4]
 [4 0 0 0 0 0 0 0 0 4]
 [4 0 0 0 0 0 0 0 0 4]
 [4 0 0 0 0 0 0 0 0 4]
 [4 4 4 4 4 4 4 4 4 4]]
Generated Output
[[4 4 4 4 4 4 4 4 4 4]
 [4 0 0 0 0 0 0 0 0 4]
 [4 0 0 0 0 0 0 0 0 4]
 [4 0 0 0 0 0 0 0 0 4]
 [4 0 0 0 0 0 0 0 0 4]
 [4 0 0 0 0 0 0 0 0 4]
 [4 4 4 4 4 4 4 4 4 4]]
Output: OKAY
--- Example 2 ---
Input
[[8 8 8 8 8 8 8 8 8 8 8 8]
 [8 0 0 0 0 0 0 0 0 0 0 8]
 [8 0 0 0 0 0 0 0 0 0 0 8]
 [8 0 0 0 0 0 0 0 0 0 0 8]
 [8 0 0 0 0 0 0 0 0 0 0 8]
 [8 0 0 0 0 0 0 0 0 0 0 8]
 [8 0 0 0 0 0 0 0 0 0 0 8]
 [8 8 8 8 8 8 8 8 8 8 8 8]]
Expected Output
[[4 4 4 4 4 4 4 4 4 4 4 4]
 [4 0 0 0 0 0 0 0 0 0 0 4]
 [4 0 0 0 0 0 0 0 0 0 0 4]
 [4 0 0 0 0 0 0 0 0 0 0 4]
 [4 0 0 0 0 0 0 0 0 0 0 4]
 [4 0 0 0 0 0 0 0 0 0 0 4]
 [4 0 0 0 0 0 0 0 0 0 0 4]
 [4 4 4 4 4 4 4 4 4 4 4 4]]
Generated Output
[[4 4 4 4 4 4 4 4 4 4 4 4]
 [4 0 0 0 0 0 0 0 0 0 0 4]
 [4 0 0 0 0 0 0 0 0 0 0 4]
 [4 0 0 0 0 0 0 0 0 0 0 4]
 [4 0 0 0 0 0 0 0 0 0 0 4]
 [4 0 0 0 0 0 0 0 0 0 0 4]
 [4 0 0 0 0 0 0 0 0 0 0 4]
 [4 4 4 4 4 4 4 4 4 4 4 4]]
Output: OKAY
--- Example 3 ---
Input
[[6 6 6 6 6 6 6 6]
 [6 0 0 0 0 0 0 6]
 [6 0 0 5 5 0 0 6]
 [6 0 0 5 5 0 0 6]
 [6 0 0 0 0 0 0 6]
 [6 6 6 6 6 6 6 6]]
Expected Output
[[4 4 4 4 4 4 4 4]
 [4 0 0 0 0 0 0 4]
 [4 0 0 5 5 0 0 4]
 [4 0 0 5 5 0 0 4]
 [4 0 0 0 0 0 0 4]
 [4 4 4 4 4 4 4 4]]
Generated Output
[[4 4 4 4 4 4 4 4]
 [4 0 0 0 0 0 0 4]
 [4 4 4 4 4 4 4 4]
 [4 4 4 4 4 4 4 4]
 [4 0 0 0 0 0 0 4]
 [4 4 4 4 4 4 4 4]]
Output: ERROR