Example 1:
  Input Grid:
[[0 0 0 0 0 0 0 0 0 0]
 [0 0 0 0 0 0 0 0 0 0]
 [0 0 0 0 0 0 0 0 0 0]
 [0 0 0 0 0 0 0 0 0 0]
 [0 0 0 0 8 8 8 8 0 0]
 [0 0 0 0 8 8 8 8 0 0]
 [0 0 0 0 8 8 8 8 0 0]
 [0 0 0 0 8 8 8 8 0 0]
 [0 0 0 0 0 0 0 0 0 0]
 [0 0 0 0 0 0 0 0 0 0]]
  Correct Output Grid:
[[0 0 0 0 0 0 0 0 0 0]
 [0 0 0 0 8 8 8 8 0 0]
 [0 0 0 0 8 8 8 8 0 0]
 [0 0 0 0 8 8 8 8 0 0]
 [0 0 0 0 8 8 8 8 0 0]
 [0 0 0 0 8 8 8 8 0 0]
 [0 0 0 0 8 8 8 8 0 0]
 [0 0 0 0 8 8 8 8 0 0]
 [0 0 0 0 0 0 0 0 0 0]
 [0 0 0 0 0 0 0 0 0 0]]
  Predicted Output Grid:
[[0 0 0 0 0 0 0 0 0 0]
 [0 0 0 0 0 0 0 0 0 0]
 [0 0 0 0 0 0 0 0 0 0]
 [0 0 0 0 0 0 0 0 0 0]
 [0 0 0 0 8 8 8 8 0 0]
 [0 0 0 0 8 8 8 8 0 0]
 [0 0 0 0 8 8 8 8 0 0]
 [0 0 0 0 8 8 8 8 0 0]
 [0 0 0 0 0 0 0 0 0 0]
 [0 0 0 0 0 0 0 0 0 0]]
  Correct? True
--------------------
Example 2:
  Input Grid:
[[0 0 0 0 0 0 0 0 0 0]
 [0 0 0 0 0 0 0 0 0 0]
 [0 0 0 0 0 0 0 0 0 0]
 [0 0 0 0 0 0 0 0 0 0]
 [0 0 0 0 8 8 8 8 0 0]
 [0 0 0 0 8 8 8 8 0 0]
 [0 0 0 0 8 8 8 8 0 0]
 [0 0 0 0 8 8 8 8 0 0]
 [0 0 0 0 0 0 0 0 0 0]
 [0 0 0 0 0 0 0 0 0 0]]
  Correct Output Grid:
[[0 0 0 0 0 0 0 0 0 0]
 [0 0 0 0 0 0 0 0 0 0]
 [0 0 0 0 0 0 0 0 0 0]
 [0 0 0 0 0 0 0 0 0 0]
 [0 0 0 0 8 8 8 8 0 0]
 [0 0 0 0 8 8 8 8 0 0]
 [0 0 0 0 8 8 8 8 0 0]
 [0 0 0 0 8 8 8 8 0 0]
 [0 0 0 0 0 0 0 0 0 0]
 [0 0 0 0 0 0 0 0 0 0]]
  Predicted Output Grid:
[[0 0 0 0 0 0 0 0 0 0]
 [0 0 0 0 0 0 0 0 0 0]
 [0 0 0 0 0 0 0 0 0 0]
 [0 0 0 0 0 0 0 0 0 0]
 [0 0 0 0 8 8 8 8 0 0]
 [0 0 0 0 8 8 8 8 0 0]
 [0 0 0 0 8 8 8 8 0 0]
 [0 0 0 0 8 8 8 8 0 0]
 [0 0 0 0 0 0 0 0 0 0]
 [0 0 0 0 0 0 0 0 0 0]]
  Correct? True
--------------------
Example 3:
  Input Grid:
[[0 0 0 0 0 0 0 0 0 0]
 [0 0 0 0 0 0 0 0 0 0]
 [0 0 0 0 0 0 0 0 0 0]
 [0 0 0 0 0 0 0 0 0 0]
 [0 0 0 0 8 8 8 8 0 0]
 [0 0 0 0 8 8 8 8 0 0]
 [0 0 0 0 8 8 8 8 0 0]
 [0 0 0 0 8 8 8 8 0 0]
 [0 0 0 0 0 0 0 0 0 0]
 [0 0 0 0 0 0 0 0 0 0]]
  Correct Output Grid:
[[0 0 0 0 8 8 8 8 0 0]
 [0 0 0 0 8 8 8 8 0 0]
 [0 0 0 0 8 8 8 8 0 0]
 [0 0 0 0 8 8 8 8 0 0]
 [0 0 0 0 0 0 0 0 0 0]
 [0 0 0 0 0 0 0 0 0 0]
 [0 0 0 0 0 0 0 0 0 0]
 [0 0 0 0 0 0 0 0 0 0]
 [0 0 0 0 0 0 0 0 0 0]
 [0 0 0 0 0 0 0 0 0 0]]
  Predicted Output Grid:
[[0 0 0 0 0 0 0 0 0 0]
 [0 0 0 0 0 0 0 0 0 0]
 [0 0 0 0 0 0 0 0 0 0]
 [0 0 0 0 0 0 0 0 0 0]
 [0 0 0 0 8 8 8 8 0 0]
 [0 0 0 0 8 8 8 8 0 0]
 [0 0 0 0 8 8 8 8 0 0]
 [0 0 0 0 8 8 8 8 0 0]
 [0 0 0 0 0 0 0 0 0 0]
 [0 0 0 0 0 0 0 0 0 0]]
  Correct? False
--------------------