Example 1:
  Changed Pixels: [((0, 0), 0, 0), ((0, 1), 2, 0), ((0, 2), 2, 0), ((1, 0), 0, 0), ((1, 1), 0, 0), ((1, 2), 0, 0), ((1, 4), 3, 0), ((1, 5), 0, 2), ((1, 6), 0, 2), ((2, 0), 1, 0), ((2, 1), 1, 0), ((2, 2), 1, 0), ((2, 4), 0, 1), ((2, 5), 0, 1), ((2, 6), 0, 1), ((3, 4), 0, 0), ((3, 5), 0, 0), ((3, 6), 0, 3), ((4, 5), 5, 0), ((4, 6), 5, 2), ((5, 5), 0, 5), ((5, 6), 0, 5), ((6, 0), 6, 0), ((6, 1), 6, 0), ((6, 5), 0, 6), ((6, 6), 0, 6), ((7, 3), 4, 0), ((7, 7), 4, 0), ((8, 3), 0, 4), ((8, 7), 0, 4), ((9, 0), 8, 0), ((9, 1), 8, 5), ((9, 2), 8, 5), ((9, 6), 8, 5)]
  Input Shape: (10, 7)
  Output Shape: (10, 7)

Example 2:
  Changed Pixels: [((0, 0), 0, 0), ((0, 3), 1, 0), ((1, 3), 0, 0), ((2, 0), 2, 0), ((2, 1), 2, 0), ((2, 2), 2, 0), ((2, 3), 0, 1), ((3, 3), 0, 0), ((4, 2), 3, 0), ((4, 3), 0, 3), ((5, 1), 0, 2), ((5, 2), 0, 2), ((5, 3), 0, 2)]
  Input Shape: (7, 4)
  Output Shape: (7, 4)

Example 3:
  Changed Pixels: [((0, 0), 2, 0), ((0, 1), 2, 0), ((0, 2), 0, 4), ((1, 0), 0, 0), ((1, 1), 4, 2), ((1, 2), 0, 2)]
  Input Shape: (3, 3)
  Output Shape: (3, 3)