Example 1:
  Changed Pixels: [((0, 1), 2, 0), ((0, 2), 2, 0), ((1, 4), 3, 0), ((2, 0), 1, 0), ((2, 1), 1, 0), ((2, 2), 1, 0), ((3, 6), 0, 3), ((4, 1), 5, 0), ((4, 2), 5, 0), ((4, 3), 5, 0), ((4, 4), 5, 0), ((4, 5), 5, 2), ((4, 6), 5, 2), ((5, 4), 0, 1), ((5, 5), 0, 1), ((5, 6), 0, 1), ((6, 0), 6, 0), ((6, 1), 6, 0)]
  Input Shape: (10, 7)
  Output Shape: (10, 7)
  Input Objects: {0: [(0, 1), (0, 2)], 1: [(1, 4)], 2: [(2, 0), (2, 1), (2, 2)], 3: [(4, 1), (4, 2), (4, 3), (4, 4), (4, 5), (4, 6)], 4: [(6, 0), (6, 1), (6, 2), (6, 3), (6, 4)], 5: [(7, 3), (7, 4), (7, 5), (7, 6)], 6: [(9, 0), (9, 1), (9, 2), (9, 3), (9, 4), (9, 5), (9, 6)]}
  Output Objects: {0: [(3, 6)], 1: [(4, 5), (4, 6)], 2: [(5, 4), (5, 5), (5, 6)], 3: [(6, 2), (6, 3), (6, 4), (6, 5), (6, 6)], 4: [(7, 3), (7, 4), (7, 5), (7, 6)], 5: [(8, 1), (8, 2), (8, 3), (8, 4), (8, 5), (8, 6)], 6: [(9, 0), (9, 1), (9, 2), (9, 3), (9, 4), (9, 5), (9, 6)]}

Example 2:
  Changed Pixels: [((0, 3), 1, 0), ((2, 0), 2, 0), ((2, 1), 2, 0), ((2, 2), 2, 0), ((3, 3), 0, 1), ((4, 1), 3, 0), ((4, 2), 3, 3), ((5, 1), 0, 2), ((5, 2), 0, 2), ((5, 3), 0, 2)]
  Input Shape: (7, 4)
  Output Shape: (7, 4)
  Input Objects: {0: [(0, 3)], 1: [(2, 0), (2, 1), (2, 2)], 2: [(4, 1), (4, 2)], 3: [(6, 0), (6, 1), (6, 2), (6, 3)]}
  Output Objects: {0: [(3, 3)], 1: [(4, 2), (4, 3)], 2: [(5, 1), (5, 2), (5, 3)], 3: [(6, 0), (6, 1), (6, 2), (6, 3)]}

Example 3:
  Changed Pixels: [((0, 0), 2, 0), ((0, 1), 2, 0), ((0, 2), 0, 4), ((1, 1), 4, 2), ((1, 2), 0, 2)]
  Input Shape: (3, 3)
  Output Shape: (3, 3)
  Input Objects: {0: [(0, 0), (0, 1)], 1: [(1, 1)], 2: [(2, 0), (2, 1), (2, 2)]}
  Output Objects: {0: [(0, 2)], 1: [(1, 1), (1, 2)], 2: [(2, 0), (2, 1), (2, 2)]}