Example 1:
  Input:
[[5 5 5 5 5 5 5 5 5]
 [5 5 5 5 5 5 5 5 5]
 [5 5 5 5 5 5 5 5 5]
 [5 5 5 5 5 5 5 5 5]
 [5 5 5 5 5 5 5 5 5]
 [5 5 5 5 5 5 5 5 5]
 [5 5 5 5 5 5 5 5 5]
 [5 5 5 5 5 5 5 5 5]
 [1 1 1 1 1 1 1 1 1]]
  Expected Output:
[[0 0 0]
 [0 2 0]
 [0 0 0]]
  Actual Output:
[[0 0 0]
 [0 2 0]
 [0 0 0]]
  Success: True
--------------------
Example 2:
  Input:
[[5 5 5 5 5 5 5 5 5]
 [5 5 5 5 5 5 5 5 5]
 [5 5 5 5 5 5 5 5 5]
 [5 5 5 5 5 5 5 5 5]
 [5 5 5 5 5 5 5 5 5]
 [5 5 5 5 5 5 5 5 5]
 [5 5 5 5 5 5 5 5 5]
 [1 1 1 1 1 1 1 1 1]
 [5 5 5 5 5 5 5 5 5]]
  Expected Output:
[[0 0 0]
 [0 2 0]
 [0 0 0]]
  Actual Output:
[[0 0 0]
 [0 2 0]
 [0 0 0]]
  Success: True
--------------------
Example 3:
  Input:
[[5 5 5 5 5 5]
 [5 5 5 5 5 5]
 [5 5 5 5 5 5]
 [5 5 5 5 5 5]
 [1 1 1 1 1 1]]
  Expected Output:
[[0 0 0]
 [0 2 0]
 [0 0 0]]
  Actual Output:
[[0 0 0]
 [0 2 0]
 [0 0 0]]
  Success: True
--------------------
Example 4:
  Input:
[[5 5 5 5]
 [5 5 5 5]
 [5 5 5 5]
 [1 1 1 1]]
  Expected Output:
[[0 0 0]
 [0 2 0]
 [0 0 0]]
  Actual Output:
[[0 0 0]
 [0 2 0]
 [0 0 0]]
  Success: True
--------------------
Example 5:
  Input:
[[1 1 1]
 [5 5 5]]
  Expected Output:
[[0 0 0]
 [0 2 0]
 [0 0 0]]
  Actual Output:
[[0 0 0]
 [0 2 0]
 [0 0 0]]
  Success: True
--------------------