Example 1:
Input Grid
rows: 7
cols: 5
[[0 0 0 0 0]
 [0 0 0 0 0]
 [0 0 4 0 0]
 [0 0 1 0 0]
 [0 0 4 0 0]
 [0 0 0 0 0]
 [0 0 0 0 0]]
Expected Output Grid
rows: 7
cols: 5
[[0 0 0 0 0]
 [0 0 0 0 0]
 [0 0 4 0 0]
 [0 0 1 0 0]
 [0 0 4 0 0]
 [0 0 0 0 0]
 [0 0 0 0 0]]
Predicted Output Grid
rows: 7
cols: 5
[[0 0 0 0 0]
 [0 0 0 0 0]
 [0 0 4 0 0]
 [0 0 1 0 0]
 [0 0 4 0 0]
 [0 0 0 0 0]
 [0 0 0 0 0]]
Difference Grid
rows: 7
cols: 5
[[0 0 0 0 0]
 [0 0 0 0 0]
 [0 0 0 0 0]
 [0 0 0 0 0]
 [0 0 0 0 0]
 [0 0 0 0 0]
 [0 0 0 0 0]]
diff sum: 0

Example 2:
Input Grid
rows: 9
cols: 9
[[0 0 0 0 0 0 0 0 0]
 [0 0 0 0 0 0 0 0 0]
 [0 0 0 0 4 0 0 0 0]
 [0 0 0 0 4 0 0 0 0]
 [0 0 0 0 1 0 0 0 0]
 [0 0 0 0 0 0 0 0 0]
 [0 0 0 0 0 0 0 0 0]
 [0 0 0 0 0 0 0 0 0]
 [0 0 0 0 0 0 0 0 0]]
Expected Output Grid
rows: 9
cols: 9
[[0 0 0 0 0 0 0 0 0]
 [0 0 0 0 0 0 0 0 0]
 [0 0 0 0 4 0 0 0 0]
 [0 0 0 0 4 0 0 0 0]
 [0 0 0 0 1 0 0 0 0]
 [0 0 0 0 4 0 0 0 0]
 [0 0 0 0 4 0 0 0 0]
 [0 0 0 0 0 0 0 0 0]
 [0 0 0 0 0 0 0 0 0]]
Predicted Output Grid
rows: 9
cols: 9
[[0 0 0 0 0 0 0 0 0]
 [0 0 0 0 0 0 0 0 0]
 [0 0 0 0 4 0 0 0 0]
 [0 0 0 0 4 0 0 0 0]
 [0 0 0 0 1 0 0 0 0]
 [0 0 0 0 4 0 0 0 0]
 [0 0 0 0 0 0 0 0 0]
 [0 0 0 0 0 0 0 0 0]
 [0 0 0 0 0 0 0 0 0]]
Difference Grid
rows: 9
cols: 9
[[0 0 0 0 0 0 0 0 0]
 [0 0 0 0 0 0 0 0 0]
 [0 0 0 0 0 0 0 0 0]
 [0 0 0 0 0 0 0 0 0]
 [0 0 0 0 0 0 0 0 0]
 [0 0 0 0 0 0 0 0 0]
 [0 0 0 0 4 0 0 0 0]
 [0 0 0 0 0 0 0 0 0]
 [0 0 0 0 0 0 0 0 0]]
diff sum: 4

Example 3:
Input Grid
rows: 9
cols: 6
[[0 0 0 0 0 0]
 [0 0 0 0 0 0]
 [0 0 0 0 0 0]
 [0 4 0 0 0 0]
 [0 1 0 0 0 0]
 [0 4 0 0 0 0]
 [0 4 0 0 0 0]
 [0 0 0 0 0 0]
 [0 0 0 0 0 0]]
Expected Output Grid
rows: 9
cols: 6
[[0 0 0 0 0 0]
 [0 0 0 0 0 0]
 [0 0 0 0 0 0]
 [0 4 0 0 0 0]
 [0 1 0 0 0 0]
 [0 4 0 0 0 0]
 [0 4 0 0 0 0]
 [0 0 0 0 0 0]
 [0 0 0 0 0 0]]
Predicted Output Grid
rows: 9
cols: 6
[[0 0 0 0 0 0]
 [0 0 0 0 0 0]
 [0 0 0 0 0 0]
 [0 4 0 0 0 0]
 [0 1 0 0 0 0]
 [0 4 0 0 0 0]
 [0 4 0 0 0 0]
 [0 0 0 0 0 0]
 [0 0 0 0 0 0]]
Difference Grid
rows: 9
cols: 6
[[0 0 0 0 0 0]
 [0 0 0 0 0 0]
 [0 0 0 0 0 0]
 [0 0 0 0 0 0]
 [0 0 0 0 0 0]
 [0 0 0 0 0 0]
 [0 0 0 0 0 0]
 [0 0 0 0 0 0]
 [0 0 0 0 0 0]]
diff sum: 0