Example 1:
  Input:
[[0 5 0 5 0 5 0 5 0]
 [5 0 5 0 5 0 0 0 0]
 [0 5 0 5 0 5 0 5 0]]
  Expected Output:
[[0 3 0 3 0 5 0 5 0]
 [5 0 3 0 5 0 0 0 0]
 [0 3 0 3 0 5 0 5 0]]
  Actual Output:
[[0 3 0 3 0 5 0 5 0]
 [5 0 3 0 5 0 0 0 0]
 [0 3 0 3 0 5 0 5 0]]
  Match: True
--------------------
Example 2:
  Input:
[[0 5 0 5 0 0 5 0 5]
 [0 0 5 0 5 0 5 0 0]
 [0 0 0 0 0 0 0 0 0]
 [5 0 5 0 5 0 5 0 5]]
  Expected Output:
[[0 3 0 3 0 0 3 0 3]
 [0 0 3 0 3 0 3 0 0]
 [0 0 0 0 0 0 0 0 0]
 [3 0 3 0 3 0 3 0 3]]
  Actual Output:
[[0 3 0 3 0 0 5 0 5]
 [0 0 3 0 5 0 5 0 0]
 [0 0 0 0 0 0 0 0 0]
 [5 0 5 0 5 0 5 0 5]]
  Match: False
--------------------
Example 3:
  Input:
[[5 0 5 5 0 5 0 0 0 0 0 0]
 [0 0 0 0 0 0 0 0 0 0 0 0]
 [5 0 5 5 0 5 0 5 5 0 5 5]]
  Expected Output:
[[3 0 3 3 0 3 0 0 0 0 0 0]
 [0 0 0 0 0 0 0 0 0 0 0 0]
 [3 0 3 3 0 3 0 3 3 0 3 3]]
  Actual Output:
[[3 0 5 3 0 5 0 0 0 0 0 0]
 [0 0 0 0 0 0 0 0 0 0 0 0]
 [3 0 5 3 0 5 0 5 5 0 5 5]]
  Match: False
--------------------