task_examples = [
    {
        "input": [
            [5, 5, 5, 5, 5, 5, 5, 5],
            [5, 5, 5, 5, 5, 5, 5, 5],
            [5, 5, 5, 5, 5, 5, 5, 0],
            [5, 5, 5, 5, 5, 5, 0, 0],
            [5, 5, 5, 5, 5, 0, 0, 0],
            [5, 5, 5, 5, 0, 0, 0, 0],
            [5, 5, 5, 0, 0, 0, 0, 0],
            [5, 5, 5, 0, 0, 0, 0, 0]
        ],
        "output": [
            [5, 5, 5, 5, 5, 5, 5, 5],
            [5, 5, 5, 5, 5, 5, 5, 5],
            [0, 5, 5, 5, 5, 5, 5, 5],
            [0, 0, 5, 5, 5, 5, 5, 5],
            [0, 0, 0, 5, 5, 5, 5, 5],
            [0, 0, 0, 0, 5, 5, 5, 5],
            [0, 0, 0, 0, 0, 5, 5, 5],
            [0, 0, 0, 0, 0, 5, 5, 5]
        ]
    },
    {
        "input": [
            [6, 6, 6, 6, 6, 6, 6, 6, 6, 6, 6],
            [6, 6, 6, 6, 6, 6, 6, 6, 6, 6, 0],
            [6, 6, 6, 6, 6, 6, 6, 6, 6, 0, 0],
            [6, 6, 6, 6, 6, 6, 6, 6, 0, 0, 0],
            [6, 6, 6, 6, 6, 6, 6, 0, 0, 0, 0],
            [6, 6, 6, 6, 6, 6, 0, 0, 0, 0, 0]
        ],
        "output": [
            [6, 6, 6, 6, 6, 6, 6, 6, 6, 6, 6],
            [0, 6, 6, 6, 6, 6, 6, 6, 6, 6, 6],
            [0, 0, 6, 6, 6, 6, 6, 6, 6, 6, 6],
            [0, 0, 0, 6, 6, 6, 6, 6, 6, 6, 6],
            [0, 0, 0, 0, 6, 6, 6, 6, 6, 6, 6],
            [0, 0, 0, 0, 0, 6, 6, 6, 6, 6, 6, 6]
        ]
    },
    {
        "input": [
            [8, 8, 8, 8, 8, 8, 8, 8, 8, 8],
            [8, 8, 8, 8, 8, 8, 8, 8, 8, 0],
            [8, 8, 8, 8, 8, 8, 8, 8, 0, 0],
            [8, 8, 8, 8, 8, 8, 8, 0, 0, 0],
            [8, 8, 8, 8, 8, 8, 0, 0, 0, 0],
            [8, 8, 8, 8, 8, 0, 0, 0, 0, 0]
        ],
        "output": [
            [8, 8, 8, 8, 8, 8, 8, 8, 8, 8],
            [0, 8, 8, 8, 8, 8, 8, 8, 8, 8],
            [0, 0, 8, 8, 8, 8, 8, 8, 8, 8],
            [0, 0, 0, 8, 8, 8, 8, 8, 8, 8],
            [0, 0, 0, 0, 8, 8, 8, 8, 8, 8],
            [0, 0, 0, 0, 0, 8, 8, 8, 8, 8]
        ]
    }
]

results = calculate_metrics(task_examples)
for i, res in enumerate(results):
    print(f"Example {i+1}:")
    print(f"  Input shape: {res['input_shape']}")
    print(f"  Output shape: {res['output_shape']}")
    print(f"  Expected output shape: {res['expected_output_shape']}")
    print(f"  Correct: {res['correct']}")