Example 1:
Input Grid:
[[5 0 0 0 0 0 0 4]
 [0 5 0 0 0 0 4 0]
 [0 0 5 0 0 4 0 0]
 [0 0 0 9 9 0 0 0]
 [0 0 0 9 9 0 0 0]
 [0 0 4 0 0 5 0 0]
 [0 4 0 0 0 0 5 0]
 [4 0 0 0 0 0 0 6]]
Input Objects: {5: [[(0, 0)], [(1, 1)], [(2, 2)], [(5, 5)], [(6, 6)]], 0: [[(0, 1), (0, 2), (0, 3), (0, 4), (0, 5), (0, 6)], [(1, 0), (1, 2), (1, 3), (1, 4), (1, 5)], [(2, 0), (2, 1), (2, 3), (2, 4), (2, 6), (2, 7)], [(3, 0), (3, 1), (3, 2), (3, 5), (3, 6), (3, 7)], [(4, 0), (4, 1), (4, 2), (4, 5), (4, 6), (4, 7)], [(5, 0), (5, 1), (5, 3), (5, 4), (5, 6), (5, 7)], [(6, 0), (6, 2), (6, 3), (6, 4), (6, 5), (6, 7)], [(7, 1), (7, 2), (7, 3), (7, 4), (7, 5), (7, 6)]], 4: [[(0, 7)], [(1, 6)], [(2, 5)], [(5, 2)], [(6, 1)], [(7, 0)]], 9: [[(3, 3), (3, 4), (4, 3), (4, 4)]], 6: [[(7, 7)]]}

Target Grid:
[[5 6 9 4]
 [5 0 9 4]
 [5 4 9 4]
 [5 4 9 4]]
Target Objects: {5: [[(0, 0), (1, 0), (2, 0), (3, 0)]], 6: [[(0, 1)]], 9: [[(0, 2), (1, 2), (2, 2), (3, 2)]], 4: [[(0, 3), (1, 3), (2, 3), (3, 3)], [(2, 1), (3, 1)]], 0: [[(1, 1)]]}

Predicted Grid (from transform function):
[[5. 6. 9. 4.]
 [6. 5. 0. 4.]
 [6. 4. 5. 4.]
 [6. 4. 9. 4.]]

Accuracy: 0.625
------------------------------
Example 2:
Input Grid:
[[0 0 0 0 0 0 0 0]
 [0 0 0 0 0 0 0 0]
 [0 0 0 0 0 0 0 0]
 [0 0 0 9 9 0 0 0]
 [0 0 0 9 9 0 0 0]
 [0 0 0 0 0 0 0 0]
 [0 0 0 0 0 0 0 0]
 [6 0 0 0 0 0 0 6]]
Input Objects: {0: [[(0, 0), (0, 1), (0, 2), (0, 3), (0, 4), (0, 5), (0, 6), (0, 7)], [(1, 0), (1, 1), (1, 2), (1, 3), (1, 4), (1, 5), (1, 6), (1, 7)], [(2, 0), (2, 1), (2, 2), (2, 3), (2, 4), (2, 5), (2, 6), (2, 7)], [(3, 0), (3, 1), (3, 2), (3, 5), (3, 6), (3, 7)], [(4, 0), (4, 1), (4, 2), (4, 5), (4, 6), (4, 7)], [(5, 0), (5, 1), (5, 2), (5, 3), (5, 4), (5, 5), (5, 6), (5, 7)], [(6, 0), (6, 1), (6, 2), (6, 3), (6, 4), (6, 5), (6, 6), (6, 7)], [(7, 1), (7, 2), (7, 3), (7, 4), (7, 5), (7, 6)]], 9: [[(3, 3), (3, 4), (4, 3), (4, 4)]], 6: [[(7, 0)], [(7, 7)]]}

Target Grid:
[[6 6 9 0]
 [6 0 9 0]
 [6 0 9 0]
 [6 0 0 0]]
Target Objects: {6: [[(0, 0), (0, 1), (1, 0), (2, 0), (3, 0)]], 9: [[(0, 2), (1, 2), (2, 2)]], 0: [[(0, 3), (1, 3), (2, 3), (3, 3)], [(1, 1), (2, 1)], [(3, 1), (3, 2)]]}

Predicted Grid (from transform function):
[[6. 9. 9. 0.]
 [6. 5. 9. 0.]
 [6. 4. 5. 0.]
 [6. 4. 9. 0.]]

Accuracy: 0.5
------------------------------
Example 3:
Input Grid:
[[5 0 0 0 0 0 0 4]
 [0 5 0 0 0 0 4 0]
 [0 0 5 0 0 4 0 0]
 [0 0 0 1 1 0 0 0]
 [0 0 0 1 1 0 0 0]
 [0 0 4 0 0 5 0 0]
 [0 4 0 0 0 0 5 0]
 [4 0 0 0 0 0 0 6]]
Input Objects: {5: [[(0, 0)], [(1, 1)], [(2, 2)], [(5, 5)], [(6, 6)]], 0: [[(0, 1), (0, 2), (0, 3), (0, 4), (0, 5), (0, 6)], [(1, 0), (1, 2), (1, 3), (1, 4), (1, 5)], [(2, 0), (2, 1), (2, 3), (2, 4), (2, 6), (2, 7)], [(3, 0), (3, 1), (3, 2), (3, 5), (3, 6), (3, 7)], [(4, 0), (4, 1), (4, 2), (4, 5), (4, 6), (4, 7)], [(5, 0), (5, 1), (5, 3), (5, 4), (5, 6), (5, 7)], [(6, 0), (6, 2), (6, 3), (6, 4), (6, 5), (6, 7)], [(7, 1), (7, 2), (7, 3), (7, 4), (7, 5), (7, 6)]], 4: [[(0, 7)], [(1, 6)], [(2, 5)], [(5, 2)], [(6, 1)], [(7, 0)]], 1: [[(3, 3), (3, 4), (4, 3), (4, 4)]], 6: [[(7, 7)]]}

Target Grid:
[[5 6 1 4]
 [5 0 1 4]
 [5 4 1 4]
 [5 4 1 4]]
Target Objects: {5: [[(0, 0), (1, 0), (2, 0), (3, 0)]], 6: [[(0, 1)]], 1: [[(0, 2), (1, 2), (2, 2), (3, 2)]], 4: [[(0, 3), (1, 3), (2, 3), (3, 3)], [(2, 1), (3, 1)]], 0: [[(1, 1)]]}

Predicted Grid (from transform function):
[[5. 6. 0. 4.]
 [6. 5. 0. 0.]
 [6. 4. 5. 4.]
 [6. 4. 0. 4.]]

Accuracy: 0.375
------------------------------
Average accuracy: 0.5