tasks = [
    {
        "train": [
            {
                "input": [[5, 5, 5, 5, 0, 5, 5], [5, 5, 5, 5, 0, 5, 5], [5, 5, 5, 5, 0, 5, 5], [5, 5, 5, 5, 0, 5, 5]],
                "output": [[5, 5, 5, 5, 5, 5], [5, 5, 5, 5, 5, 5], [5, 5, 5, 5, 5, 5], [5, 5, 5, 5, 5, 5]]
            },
            {
                "input": [[1, 0, 1, 1, 1, 1], [1, 0, 1, 1, 1, 1], [1, 0, 1, 1, 1, 1], [1, 0, 1, 1, 1, 1], [1, 0, 1, 1, 1, 1]],
                "output": [[1, 1, 1, 1, 1], [1, 1, 1, 1, 1], [1, 1, 1, 1, 1], [1, 1, 1, 1, 1], [1, 1, 1, 1, 1]]
            },
            {
                "input": [[1, 1, 1, 1, 1, 0, 1], [1, 1, 1, 1, 1, 0, 1], [1, 1, 1, 1, 1, 0, 1], [1, 1, 1, 1, 1, 0, 1], [1, 1, 1, 1, 1, 0, 1]],
                "output": [[1, 1, 1, 1, 1, 1], [1, 1, 1, 1, 1, 1], [1, 1, 1, 1, 1, 1], [1, 1, 1, 1, 1, 1], [1, 1, 1, 1, 1, 1]]
            },
        ]
    }
]

for task in tasks:
    for example in task['train']:
        input_grid = example['input']
        output_grid = example['output']
        print(f"--- Analyzing Example ---")
        analyze_column_inclusion(input_grid, output_grid)
