[2025-02-10T09:29:45.827724] PROMPT: Description: example_2
--------------------------------------------------------------------------------

================================================================================

```python
example_2_input = [[0 0 0 8 0 0 0 0 0]
 [0 0 0 0 0 0 0 0 0]
 [0 0 0 0 0 0 2 0 0]
 [0 0 1 0 0 0 0 0 0]
 [0 0 0 0 0 0 0 0 0]
 [0 0 0 0 0 0 0 0 0]
 [0 0 0 0 0 0 1 0 0]
 [0 2 0 0 0 0 0 0 0]
 [0 0 0 0 0 0 0 0 0]]

example_2_output = [[0 0 0 8 0 0 0 0 0]
 [0 0 0 0 0 4 0 4 0]
 [0 0 7 0 0 0 2 0 0]
 [0 7 1 7 0 4 0 4 0]
 [0 0 7 0 0 0 0 0 0]
 [0 0 0 0 0 0 7 0 0]
 [4 0 4 0 0 7 1 7 0]
 [0 2 0 0 0 0 7 0 0]
 [4 0 4 0 0 0 0 0 0]]
```

**images**

input:
<PIL.Image.Image image mode=RGB size=576x576 at 0x77622AEFD2A0>
output:
<PIL.Image.Image image mode=RGB size=576x576 at 0x77622AFC18A0>

