import numpy as np

def examine_grid_pair(input_grid, output_grid):
    input_grid = np.array(input_grid)
    output_grid = np.array(output_grid)
    height, width = input_grid.shape
    subgrid_height = height // 3
    
    results = []

    for i in range(3):
        start_row = i * subgrid_height
        end_row = start_row + subgrid_height
        subgrid = input_grid[start_row:end_row, :]
        
        if np.array_equal(subgrid, output_grid):
            results.append({
                "section": i + 1,
                "match": True,
                "start_row": start_row,
                "end_row": end_row
            })
        else:
            results.append({
                "section": i + 1,
                "match": False,
                "start_row": start_row,
                "end_row": end_row
            })

    return results
                
examples = [
    {
        "input": [[6, 0, 5, 7, 9, 9, 9, 0, 5, 7, 0, 0, 9, 9, 9, 0, 0, 0, 7, 7, 5],
                  [6, 0, 5, 7, 9, 9, 9, 0, 5, 7, 0, 0, 9, 9, 9, 0, 0, 0, 7, 7, 5],
                  [6, 0, 5, 7, 9, 9, 9, 0, 5, 7, 0, 0, 9, 9, 9, 0, 0, 0, 7, 7, 5],
                  [6, 0, 5, 7, 9, 9, 9, 0, 5, 7, 0, 0, 9, 9, 9, 0, 0, 0, 7, 7, 5],
                  [6, 0, 5, 7, 9, 9, 9, 0, 5, 7, 0, 0, 9, 9, 9, 0, 0, 0, 7, 7, 5],
                  [6, 0, 5, 7, 9, 9, 9, 0, 5, 7, 0, 0, 9, 9, 9, 0, 0, 0, 7, 7, 5],
                  [6, 6, 6, 0, 9, 9, 9, 6, 6, 6, 2, 2, 9, 9, 9, 0, 0, 0, 2, 2, 2],
                  [6, 6, 6, 0, 9, 9, 9, 6, 6, 6, 2, 2, 9, 9, 9, 0, 0, 0, 2, 2, 2],
                  [6, 6, 6, 0, 9, 9, 9, 6, 6, 6, 2, 2, 9, 9, 9, 0, 0, 0, 2, 2, 2],
                  [6, 0, 0, 7, 9, 9, 9, 0, 0, 7, 2, 2, 9, 9, 9, 6, 6, 6, 2, 2, 2],
                  [6, 0, 0, 7, 9, 9, 9, 0, 0, 7, 2, 2, 9, 9, 9, 6, 6, 6, 2, 2, 2],
                  [6, 0, 0, 7, 9, 9, 9, 0, 0, 7, 2, 2, 9, 9, 9, 6, 6, 6, 2, 2, 2]],
        "output": [[6, 0, 5, 7, 9, 9, 9, 0, 5, 7, 0, 0, 9, 9, 9, 0, 0, 0, 7, 7, 5],
                   [6, 0, 5, 7, 9, 9, 9, 0, 5, 7, 0, 0, 9, 9, 9, 0, 0, 0, 7, 7, 5],
                   [6, 0, 5, 7, 9, 9, 9, 0, 5, 7, 0, 0, 9, 9, 9, 0, 0, 0, 7, 7, 5],
                   [6, 0, 5, 7, 9, 9, 9, 0, 5, 7, 0, 0, 9, 9, 9, 0, 0, 0, 7, 7, 5],
                   [6, 0, 5, 7, 9, 9, 9, 0, 5, 7, 0, 0, 9, 9, 9, 0, 0, 0, 7, 7, 5],
                   [6, 0, 5, 7, 9, 9, 9, 0, 5, 7, 0, 0, 9, 9, 9, 0, 0, 0, 7, 7, 5]]
    },
    {
        "input": [[6, 0, 5, 7, 9, 9, 9, 0, 5, 7, 0, 0, 9, 9, 9, 0, 0, 0, 7, 7, 5],
                  [6, 0, 5, 7, 9, 9, 9, 0, 5, 7, 0, 0, 9, 9, 9, 0, 0, 0, 7, 7, 5],
                  [6, 0, 5, 7, 9, 9, 9, 0, 5, 7, 0, 0, 9, 9, 9, 0, 0, 0, 7, 7, 5],
                  [6, 0, 5, 7, 9, 9, 9, 0, 5, 7, 0, 0, 9, 9, 9, 0, 0, 0, 7, 7, 5],
                  [6, 0, 5, 7, 9, 9, 9, 0, 5, 7, 0, 0, 9, 9, 9, 0, 0, 0, 7, 7, 5],
                  [6, 0, 5, 7, 9, 9, 9, 0, 5, 7, 0, 0, 9, 9, 9, 0, 0, 0, 7, 7, 5],
                  [6, 6, 6, 0, 9, 9, 9, 6, 6, 6, 2, 2, 9, 9, 9, 0, 0, 0, 2, 2, 2],
                  [6, 6, 6, 0, 9, 9, 9, 6, 6, 6, 2, 2, 9, 9, 9, 0, 0, 0, 2, 2, 2],
                  [6, 6, 6, 0, 9, 9, 9, 6, 6, 6, 2, 2, 9, 9, 9, 0, 0, 0, 2, 2, 2],
                  [6, 0, 0, 7, 9, 9, 9, 0, 0, 7, 2, 2, 9, 9, 9, 6, 6, 6, 2, 2, 2],
                  [6, 0, 0, 7, 9, 9, 9, 0, 0, 7, 2, 2, 9, 9, 9, 6, 6, 6, 2, 2, 2],
                  [6, 0, 0, 7, 9, 9, 9, 0, 0, 7, 2, 2, 9, 9, 9, 6, 6, 6, 2, 2, 2]],
        "output": [[6, 6, 6, 0, 9, 9, 9, 6, 6, 6, 2, 2, 9, 9, 9, 0, 0, 0, 2, 2, 2],
                   [6, 6, 6, 0, 9, 9, 9, 6, 6, 6, 2, 2, 9, 9, 9, 0, 0, 0, 2, 2, 2],
                   [6, 6, 6, 0, 9, 9, 9, 6, 6, 6, 2, 2, 9, 9, 9, 0, 0, 0, 2, 2, 2]]
    },
    {
        "input": [[6, 0, 5, 7, 9, 9, 9, 0, 5, 7, 0, 0, 9, 9, 9, 0, 0, 0, 7, 7, 5],
                  [6, 0, 5, 7, 9, 9, 9, 0, 5, 7, 0, 0, 9, 9, 9, 0, 0, 0, 7, 7, 5],
                  [6, 0, 5, 7, 9, 9, 9, 0, 5, 7, 0, 0, 9, 9, 9, 0, 0, 0, 7, 7, 5],
                  [6, 0, 5, 7, 9, 9, 9, 0, 5, 7, 0, 0, 9, 9, 9, 0, 0, 0, 7, 7, 5],
                  [6, 0, 5, 7, 9, 9, 9, 0, 5, 7, 0, 0, 9, 9, 9, 0, 0, 0, 7, 7, 5],
                  [6, 0, 5, 7, 9, 9, 9, 0, 5, 7, 0, 0, 9, 9, 9, 0, 0, 0, 7, 7, 5],
                  [6, 6, 6, 0, 9, 9, 9, 6, 6, 6, 2, 2, 9, 9, 9, 0, 0, 0, 2, 2, 2],
                  [6, 6, 6, 0, 9, 9, 9, 6, 6, 6, 2, 2, 9, 9, 9, 0, 0, 0, 2, 2, 2],
                  [6, 6, 6, 0, 9, 9, 9, 6, 6, 6, 2, 2, 9, 9, 9, 0, 0, 0, 2, 2, 2],
                  [6, 0, 0, 7, 9, 9, 9, 0, 0, 7, 2, 2, 9, 9, 9, 6, 6, 6, 2, 2, 2],
                  [6, 0, 0, 7, 9, 9, 9, 0, 0, 7, 2, 2, 9, 9, 9, 6, 6, 6, 2, 2, 2],
                  [6, 0, 0, 7, 9, 9, 9, 0, 0, 7, 2, 2, 9, 9, 9, 6, 6, 6, 2, 2, 2]],
        "output": [[6, 0, 0, 7, 9, 9, 9, 0, 0, 7, 2, 2, 9, 9, 9, 6, 6, 6, 2, 2, 2],
                   [6, 0, 0, 7, 9, 9, 9, 0, 0, 7, 2, 2, 9, 9, 9, 6, 6, 6, 2, 2, 2],
                   [6, 0, 0, 7, 9, 9, 9, 0, 0, 7, 2, 2, 9, 9, 9, 6, 6, 6, 2, 2, 2]]
    },
        {
        "input": [[1, 1, 1, 1, 1, 1, 1, 1, 1],
                  [1, 1, 1, 1, 1, 1, 1, 1, 1],
                  [1, 1, 1, 1, 1, 1, 1, 1, 1],
                  [3, 3, 3, 3, 3, 3, 3, 3, 3],
                  [3, 3, 3, 3, 3, 3, 3, 3, 3],
                  [3, 3, 3, 3, 3, 3, 3, 3, 3],
                  [8, 8, 8, 8, 8, 8, 8, 8, 8],
                  [8, 8, 8, 8, 8, 8, 8, 8, 8],
                  [8, 8, 8, 8, 8, 8, 8, 8, 8]],
        "output": [[3, 3, 3, 3, 3, 3, 3, 3, 3],
                   [3, 3, 3, 3, 3, 3, 3, 3, 3],
                   [3, 3, 3, 3, 3, 3, 3, 3, 3]]
    },
]

for i, example in enumerate(examples):
    print(f"Example {i+1}:")
    results = examine_grid_pair(example['input'], example['output'])
    for r in results:
        print(f"  Section {r['section']}: match={r['match']}, start_row={r['start_row']}, end_row={r['end_row']}")
    print("-" * 20)
