Example 1:
Input Grid:
[[8 8 8 8 8 8 8 8 8 8]
 [8 8 8 8 8 8 8 8 8 8]
 [8 8 8 8 8 8 8 8 8 0]
 [8 8 8 8 8 8 8 8 8 8]
 [8 8 8 8 8 8 8 8 8 8]
 [8 8 8 8 8 8 8 8 8 8]
 [8 8 8 8 8 8 8 0 0 0]
 [8 8 8 8 8 8 8 8 8 8]
 [8 8 8 8 8 8 8 8 8 8]
 [0 8 0 8 0 8 0 8 0 8]]
Expected Grid:
[[0 8 8 8 8 8 8 8 8 8]
 [8 8 8 8 8 8 8 8 8 0]
 [0 8 8 8 8 8 8 8 8 8]
 [8 8 8 8 8 8 8 8 8 0]
 [0 8 8 8 8 8 8 8 8 8]
 [8 8 8 8 8 8 8 8 8 0]
 [0 8 8 8 8 8 8 8 8 8]
 [8 8 8 8 8 8 8 8 8 0]
 [0 8 8 8 8 8 8 8 8 8]
 [8 0 8 0 8 0 8 0 8 0]]
Actual Grid (-90 rotation):
[[0 8 8 8 8 8 8 0 8 8]
 [8 8 8 8 8 8 0 8 8 0]
 [0 8 8 8 8 8 0 8 8 8]
 [8 8 8 8 8 8 0 8 8 0]
 [0 8 8 8 8 8 0 8 8 8]
 [8 8 8 8 8 8 0 8 8 0]
 [0 8 8 8 8 8 0 8 8 8]
 [8 8 8 8 8 8 8 8 8 0]
 [0 8 8 8 8 8 8 8 8 8]
 [8 8 0 8 8 8 0 8 8 8]]
number of differences 60
--------------------
Example 2:
Input Grid:
[[1 0 0 0 0 0 0 0 0 0]
 [0 0 0 0 0 0 0 0 0 0]
 [0 0 0 0 0 0 0 0 0 0]
 [0 0 0 0 0 0 0 0 0 0]
 [0 0 0 0 0 0 0 0 0 1]
 [0 0 0 0 0 0 0 0 0 0]
 [0 0 0 0 0 0 0 0 0 0]
 [0 0 0 0 0 0 0 0 0 0]
 [0 0 0 0 0 0 0 0 0 0]
 [0 0 0 0 0 0 0 0 0 0]]
Expected Grid:
[[0 0 0 0 1 0 0 0 0 0]
 [0 0 0 0 0 0 0 0 0 0]
 [0 0 0 0 0 0 0 0 0 0]
 [0 0 0 0 0 0 0 0 0 0]
 [0 0 0 0 0 0 0 0 0 0]
 [0 0 0 0 0 0 0 0 0 0]
 [0 0 0 0 0 0 0 0 0 0]
 [0 0 0 0 0 0 0 0 0 0]
 [0 0 0 0 0 0 0 0 0 0]
 [0 0 0 0 1 0 0 0 0 0]]
Actual Grid (-90 rotation):
[[0 0 0 0 1 0 0 0 0 0]
 [0 0 0 0 0 0 0 0 0 0]
 [0 0 0 0 0 0 0 0 0 0]
 [0 0 0 0 0 0 0 0 0 0]
 [0 0 0 0 0 0 0 0 0 0]
 [0 0 0 0 0 0 0 0 0 0]
 [0 0 0 0 0 0 0 0 0 0]
 [0 0 0 0 0 0 0 0 0 0]
 [0 0 0 0 0 0 0 0 0 0]
 [0 1 0 0 0 0 0 0 0 0]]
number of differences 1
--------------------
Example 3:
Input Grid:
[[0 0 0 0 0 0 0 0 0 2]
 [0 0 0 0 0 0 0 0 0 0]
 [0 0 0 0 0 0 0 0 0 0]
 [0 0 0 0 0 0 0 0 0 0]
 [0 0 0 0 0 0 0 0 0 0]
 [0 0 0 0 0 0 0 0 0 0]
 [0 0 0 0 0 0 0 0 0 0]
 [0 0 0 0 0 0 0 0 0 0]
 [0 0 0 0 0 0 0 0 0 0]
 [2 0 0 0 0 0 0 0 0 0]]
Expected Grid:
[[0 0 0 0 0 0 0 0 0 2]
 [0 0 0 0 0 0 0 0 0 0]
 [0 0 0 0 0 0 0 0 0 0]
 [0 0 0 0 0 0 0 0 0 0]
 [0 0 0 0 0 0 0 0 0 0]
 [0 0 0 0 0 0 0 0 0 0]
 [0 0 0 0 0 0 0 0 0 0]
 [0 0 0 0 0 0 0 0 0 0]
 [0 0 0 0 0 0 0 0 0 0]
 [2 0 0 0 0 0 0 0 0 0]]
Actual Grid (-90 rotation):
[[2 0 0 0 0 0 0 0 0 2]
 [0 0 0 0 0 0 0 0 0 0]
 [0 0 0 0 0 0 0 0 0 0]
 [0 0 0 0 0 0 0 0 0 0]
 [0 0 0 0 0 0 0 0 0 0]
 [0 0 0 0 0 0 0 0 0 0]
 [0 0 0 0 0 0 0 0 0 0]
 [0 0 0 0 0 0 0 0 0 0]
 [0 0 0 0 0 0 0 0 0 0]
 [0 0 0 0 0 0 0 0 0 0]]
number of differences 1
--------------------
Example 4:
Input Grid:
[[0 0 0 0 0 0 0 0 0 0]
 [0 0 0 0 0 0 0 0 0 0]
 [0 0 0 0 0 0 0 0 0 3]
 [0 0 0 0 0 0 0 0 0 0]
 [0 0 0 0 0 0 0 0 0 0]
 [0 0 0 0 0 0 0 0 0 0]
 [0 0 0 0 0 0 0 0 0 0]
 [0 0 0 0 0 0 0 0 0 0]
 [0 0 0 0 0 0 0 0 0 0]
 [3 0 0 0 0 0 0 0 0 0]]
Expected Grid:
[[0 0 0 0 0 0 0 0 0 3]
 [0 0 0 0 0 0 0 0 0 0]
 [0 0 0 0 0 0 0 0 0 0]
 [0 0 0 0 0 0 0 0 0 0]
 [0 0 0 0 0 0 0 0 0 0]
 [0 0 0 0 0 0 0 0 0 0]
 [0 0 0 0 0 0 0 0 0 0]
 [0 0 0 0 0 0 0 0 0 0]
 [0 0 0 0 0 0 0 0 0 0]
 [3 0 0 0 0 0 0 0 0 0]]
Actual Grid (-90 rotation):
[[0 0 3 0 0 0 0 0 0 0]
 [0 0 0 0 0 0 0 0 0 0]
 [0 0 0 0 0 0 0 0 0 0]
 [0 0 0 0 0 0 0 0 0 0]
 [0 0 0 0 0 0 0 0 0 0]
 [0 0 0 0 0 0 0 0 0 0]
 [0 0 0 0 0 0 0 0 0 0]
 [0 0 0 0 0 0 0 0 0 0]
 [0 0 0 0 0 0 0 0 0 0]
 [0 0 0 0 0 0 0 0 0 3]]
number of differences 3
--------------------