--- Example 0 ---
Input:
[[0 0 0 0 0 0 0 0]
 [0 0 0 0 0 0 0 0]
 [0 0 0 0 0 0 0 0]
 [0 0 0 1 1 1 1 0]
 [0 0 0 1 2 2 1 0]
 [0 0 0 1 1 1 1 0]
 [0 0 0 0 0 0 0 0]]
Expected Output:
[[1]]
Predicted Output:
[[21]]
Rectangles:
[((0, 3), (5, 6), 1), ((4, 4), (4, 4), 2), ((4, 4), (4, 5), 2), ((4, 4), (5, 4), 2), ((4, 4), (5, 5), 2), ((4, 5), (4, 5), 2), ((4, 5), (5, 5), 2), ((5, 4), (5, 4), 2), ((5, 4), (5, 5), 2), ((5, 5), (5, 5), 2), ((4, 4), (4, 4), 2), ((4, 4), (4, 5), 2), ((4, 4), (5, 4), 2), ((4, 4), (5, 5), 2), ((4, 5), (4, 5), 2), ((4, 5), (5, 5), 2), ((5, 4), (5, 4), 2), ((5, 4), (5, 5), 2), ((5, 5), (5, 5), 2)]
Correct: False
--- Example 1 ---
Input:
[[0 0 0 0 0 0 0]
 [0 0 0 0 0 0 0]
 [0 0 1 1 1 0 0]
 [0 0 1 2 1 0 0]
 [0 0 1 1 1 0 0]
 [0 0 0 0 0 0 0]]
Expected Output:
[[1]]
Predicted Output:
[[5]]
Rectangles:
[((2, 2), (4, 4), 1), ((3, 3), (3, 3), 2), ((3, 3), (4, 3), 2), ((4, 3), (4, 3), 2), ((3, 3), (3, 3), 2), ((3, 3), (4, 3), 2), ((4, 3), (4, 3), 2)]
Correct: False
--- Example 2 ---
Input:
[[0 0 0 0 0 0]
 [0 6 6 6 6 0]
 [0 6 6 6 6 0]
 [0 6 6 6 6 0]
 [0 0 0 0 0 0]]
Expected Output:
[[0]]
Predicted Output:
[[0]]
Rectangles:
[((1, 1), (3, 4), 6)]
Correct: True
--- Example 3 ---
Input:
[[5 5 5 5 5 5]
 [5 5 5 5 5 5]
 [5 5 5 5 5 5]
 [5 5 5 5 5 5]]
Expected Output:
[[0]]
Predicted Output:
[[0]]
Rectangles:
[((0, 0), (3, 5), 5)]
Correct: True
--- Example 4 ---
Input:
[[0 0 0 0 0 0 0 0]
 [0 0 7 7 7 7 0 0]
 [0 0 7 7 7 7 0 0]
 [0 0 7 7 7 7 0 0]
 [0 0 7 7 7 7 0 0]
 [0 0 0 0 0 0 0 0]]
Expected Output:
[[0]]
Predicted Output:
[[0]]
Rectangles:
[((1, 2), (4, 5), 7)]
Correct: True
Overall Training Accuracy: 3/5