Example 1:
  Input:
 [[3 0 3]
 [0 0 0]
 [3 0 3]]
  Expected Output:
 [[3 0 3]
 [0 0 0]
 [3 0 3]]
  Bounding Box (Height, Width): (3, 3)
  Has Interior (Correct Detection): True
--------------------
Example 2:
  Input:
 [[3 3 3 3]
 [3 0 0 3]
 [3 3 3 3]]
  Expected Output:
 [[3 3 3 3]
 [3 0 0 3]
 [3 3 3 3]]
  Bounding Box (Height, Width): (3, 4)
  Has Interior (Correct Detection): True
--------------------
Example 3:
  Input:
 [[3 3 3 3 3]
 [3 0 0 0 3]
 [3 0 3 0 3]
 [3 3 3 3 3]]
  Expected Output:
 [[3 3 3 3 3]
 [3 0 0 0 3]
 [3 0 3 0 3]
 [3 3 3 3 3]]
  Bounding Box (Height, Width): (4, 5)
  Has Interior (Correct Detection): True
--------------------
Example 4:
  Input:
 [[3 3 3 3 3 3 3 3 3]
 [3 3 3 3 3 3 3 3 3]
 [3 3 3 3 3 3 3 3 3]
 [3 3 3 3 3 3 3 3 3]
 [3 3 3 3 3 0 3 3 3]
 [3 3 3 3 3 3 3 3 3]
 [3 3 3 3 3 3 3 3 3]
 [3 3 3 3 3 3 3 3 3]
 [3 3 3 3 3 3 3 3 3]]
  Expected Output:
 [[3 3 3 3 3 3 3 3 3]
 [3 3 3 3 3 3 3 3 3]
 [3 3 3 3 3 3 3 3 3]
 [3 3 3 3 3 3 3 3 3]
 [3 3 3 3 3 0 3 3 3]
 [3 3 3 3 3 3 3 3 3]
 [3 3 3 3 3 3 3 3 3]
 [3 3 3 3 3 3 3 3 3]
 [3 3 3 3 3 3 3 3 3]]
  Bounding Box (Height, Width): (9, 9)
  Has Interior (Correct Detection): True
--------------------
Example 5:
  Input:
 [[0 0 0 0 0 0 0 0 0 0 0 0 0 0 0 0 0 0 0 0 0 0 0 0 0 0 0 0 0 0]
 [0 0 0 0 0 0 0 0 0 0 0 0 0 0 0 0 0 0 0 0 0 0 0 0 0 0 0 0 0 0]
 [0 0 0 0 0 0 0 0 0 0 0 0 0 0 0 0 0 0 0 0 0 0 0 0 0 0 0 0 0 0]
 [0 0 0 0 0 0 0 0 0 0 0 0 0 0 0 0 3 3 3 3 3 3 0 0 0 0 0 0 0 0]
 [0 0 0 0 0 0 0 0 0 0 0 0 0 0 0 0 3 0 0 0 0 3 0 0 0 0 0 0 0 0]
 [0 0 0 0 0 0 0 0 0 0 0 0 0 0 0 0 3 0 0 0 0 3 0 0 0 0 0 0 0 0]
 [0 0 0 0 0 0 0 0 0 0 0 0 0 0 0 0 3 0 0 0 0 3 0 0 0 0 0 0 0 0]
 [0 0 0 0 0 0 0 0 0 0 0 0 0 0 0 0 3 3 3 3 3 3 0 0 0 0 0 0 0 0]
 [0 0 0 0 0 0 0 0 0 0 0 0 0 0 0 0 0 0 0 0 0 0 0 0 0 0 0 0 0 0]
 [0 0 0 0 0 0 0 0 0 0 0 0 0 0 0 0 0 0 0 0 0 0 0 0 0 0 0 0 0 0]
 [0 0 0 0 0 0 0 0 0 0 0 0 0 0 0 0 0 0 0 0 0 0 0 0 0 0 0 0 0 0]]
  Expected Output:
 [[0 0 0 0 0 0 0 0 0 0 0 0 0 0 0 0 0 0 0 0 0 0 0 0 0 0 0 0 0 0]
 [0 0 0 0 0 0 0 0 0 0 0 0 0 0 0 0 0 0 0 0 0 0 0 0 0 0 0 0 0 0]
 [0 0 0 0 0 0 0 0 0 0 0 0 0 0 0 0 0 0 0 0 0 0 0 0 0 0 0 0 0 0]
 [0 0 0 0 0 0 0 0 0 0 0 0 0 0 0 0 3 3 3 3 3 3 0 0 0 0 0 0 0 0]
 [0 0 0 0 0 0 0 0 0 0 0 0 0 0 0 0 3 0 0 0 0 3 0 0 0 0 0 0 0 0]
 [0 0 0 0 0 0 0 0 0 0 0 0 0 0 0 0 3 0 0 0 0 3 0 0 0 0 0 0 0 0]
 [0 0 0 0 0 0 0 0 0 0 0 0 0 0 0 0 3 0 0 0 0 3 0 0 0 0 0 0 0 0]
 [0 0 0 0 0 0 0 0 0 0 0 0 0 0 0 0 3 3 3 3 3 3 0 0 0 0 0 0 0 0]
 [0 0 0 0 0 0 0 0 0 0 0 0 0 0 0 0 0 0 0 0 0 0 0 0 0 0 0 0 0 0]
 [0 0 0 0 0 0 0 0 0 0 0 0 0 0 0 0 0 0 0 0 0 0 0 0 0 0 0 0 0 0]
 [0 0 0 0 0 0 0 0 0 0 0 0 0 0 0 0 0 0 0 0 0 0 0 0 0 0 0 0 0 0]]
  Bounding Box (Height, Width): (8, 12)
  Has Interior (Correct Detection): True