Input:
[[0 0 0 0 0 0 0 0]
 [0 0 0 0 0 0 0 0]
 [8 0 0 0 0 0 0 0]
 [8 0 0 0 0 0 0 0]
 [8 0 0 0 0 0 0 0]
 [8 4 4 0 0 0 0 0]
 [8 4 4 0 0 0 0 0]
 [8 4 4 0 0 0 0 0]]
Expected Output:
[[8 8 8 8 8 8 8 8]
 [8 8 8 8 8 8 8 8]
 [8 8 8 8 8 8 8 8]
 [8 8 8 8 8 8 8 8]
 [8 8 8 8 8 8 8 8]
 [8 4 4 8 8 8 8 8]
 [8 4 4 8 8 8 8 8]
 [8 4 4 8 8 8 8 8]]
Actual Output:
[[8 0 0 0 0 0 0 0]
 [8 0 0 0 0 0 0 0]
 [8 0 0 0 0 0 0 0]
 [8 0 0 0 0 0 0 0]
 [8 0 0 0 0 0 0 0]
 [8 4 4 0 0 0 0 0]
 [8 4 4 0 0 0 0 0]
 [8 4 4 0 0 0 0 0]]
Result: Fail