Input:
[[0 0 0 0 0 0 0 0]
 [0 0 0 0 0 0 0 0]
 [0 0 0 0 0 0 0 8]
 [0 0 0 0 0 0 0 8]
 [0 0 0 0 0 0 0 8]
 [0 0 0 0 0 4 4 8]
 [0 0 0 0 0 4 4 8]
 [0 0 0 0 0 4 4 8]]
Expected Output:
[[0 0 0 0 0 0 0 8]
 [0 0 0 0 0 0 0 8]
 [0 0 0 0 0 0 0 8]
 [0 0 0 0 0 0 0 8]
 [0 0 0 0 0 0 0 8]
 [0 0 0 0 0 4 4 8]
 [0 0 0 0 0 4 4 8]
 [0 0 0 0 0 4 4 8]]
Actual Output:
[[0 0 0 0 0 0 0 8]
 [0 0 0 0 0 0 0 8]
 [0 0 0 0 0 0 0 8]
 [0 0 0 0 0 0 0 8]
 [0 0 0 0 0 0 0 8]
 [0 0 0 0 0 4 4 8]
 [0 0 0 0 0 4 4 8]
 [0 0 0 0 0 4 4 8]]
Result: Pass