[2025-02-10T11:51:44.661505] PROMPT: Description: example_1
--------------------------------------------------------------------------------

================================================================================

```python
example_1_input = [[0 0 0 0 0 0 0 0 0]
 [0 0 0 0 0 0 0 0 0]
 [0 0 0 0 0 0 0 0 0]
 [0 0 2 0 0 0 0 0 0]
 [0 0 0 0 0 0 0 0 0]
 [0 0 0 0 0 0 0 0 0]
 [0 0 0 0 0 0 1 0 0]
 [0 0 0 0 0 0 0 0 0]
 [0 0 0 0 0 0 0 0 0]]

example_1_output = [[0 0 0 0 0 0 0 0 0]
 [0 0 0 0 0 0 0 0 0]
 [0 4 0 4 0 0 0 0 0]
 [0 0 2 0 0 0 0 0 0]
 [0 4 0 4 0 0 0 0 0]
 [0 0 0 0 0 0 7 0 0]
 [0 0 0 0 0 7 1 7 0]
 [0 0 0 0 0 0 7 0 0]
 [0 0 0 0 0 0 0 0 0]]
```

**images**

input:
<PIL.Image.Image image mode=RGB size=576x576 at 0x730E7CB31FF0>
output:
<PIL.Image.Image image mode=RGB size=576x576 at 0x730E7C9C09A0>

