[2025-02-10T11:51:53.231999] PROMPT: Description: example_2
--------------------------------------------------------------------------------

================================================================================

```python
example_2_input = [[0 0 0 8 0 0 0 0 0]
 [0 0 0 0 0 0 0 0 0]
 [0 0 0 0 0 0 2 0 0]
 [0 0 1 0 0 0 0 0 0]
 [0 0 0 0 0 0 0 0 0]
 [0 0 0 0 0 0 0 0 0]
 [0 0 0 0 0 0 1 0 0]
 [0 2 0 0 0 0 0 0 0]
 [0 0 0 0 0 0 0 0 0]]

example_2_output = [[0 0 0 8 0 0 0 0 0]
 [0 0 0 0 0 4 0 4 0]
 [0 0 7 0 0 0 2 0 0]
 [0 7 1 7 0 4 0 4 0]
 [0 0 7 0 0 0 0 0 0]
 [0 0 0 0 0 0 7 0 0]
 [4 0 4 0 0 7 1 7 0]
 [0 2 0 0 0 0 7 0 0]
 [4 0 4 0 0 0 0 0 0]]
```

**images**

input:
<PIL.Image.Image image mode=RGB size=576x576 at 0x730E7CB5FDC0>
output:
<PIL.Image.Image image mode=RGB size=576x576 at 0x730E7C9C09A0>

