[2025-02-10T11:52:43.731238] PROMPT: Description: example_3
--------------------------------------------------------------------------------

================================================================================

```python
example_3_input = [[0 0 0 0 0 0 0 0 0]
 [0 0 0 0 0 0 0 0 0]
 [0 0 2 0 0 0 0 0 0]
 [0 0 0 0 0 0 0 0 0]
 [0 0 0 0 0 0 0 0 0]
 [0 0 0 0 0 0 6 0 0]
 [0 0 0 0 0 0 0 0 0]
 [0 0 0 1 0 0 0 0 0]
 [0 0 0 0 0 0 0 0 0]]

example_3_output = [[0 0 0 0 0 0 0 0 0]
 [0 4 0 4 0 0 0 0 0]
 [0 0 2 0 0 0 0 0 0]
 [0 4 0 4 0 0 0 0 0]
 [0 0 0 0 0 0 0 0 0]
 [0 0 0 0 0 0 6 0 0]
 [0 0 0 7 0 0 0 0 0]
 [0 0 7 1 7 0 0 0 0]
 [0 0 0 7 0 0 0 0 0]]
```

**images**

input:
<PIL.Image.Image image mode=RGB size=576x576 at 0x730E7CB31FF0>
output:
<PIL.Image.Image image mode=RGB size=576x576 at 0x730E7C9C09A0>

