import numpy as np
from collections import Counter

def count_objects(grid):
    """Counts contiguous regions of the same color as distinct objects."""
    visited = set()
    count = 0
    color_counts = Counter()

    def explore(r, c, color):
        if (r, c) in visited or not (0 <= r < grid.shape[0] and 0 <= c < grid.shape[1]) or grid[r, c] != color:
            return
        visited.add((r, c))
        explore(r + 1, c, color)
        explore(r - 1, c, color)
        explore(r, c + 1, color)
        explore(r, c - 1, color)

    for r in range(grid.shape[0]):
        for c in range(grid.shape[1]):
            if (r, c) not in visited:
                color = grid[r, c]
                explore(r, c, color)
                count += 1
                color_counts[color] +=1

    most_common_color = color_counts.most_common(1)[0][0] if color_counts else 0

    return count, most_common_color

task_data = {
    "train": [
        {
            "input": [
                [5, 5, 5, 5, 5, 5, 5, 5, 5, 5, 5, 5],
                [5, 5, 5, 5, 5, 5, 5, 5, 5, 5, 5, 5],
                [5, 5, 5, 5, 5, 5, 5, 5, 5, 5, 5, 5],
                [5, 5, 5, 5, 5, 5, 5, 5, 5, 5, 5, 5],
                [5, 5, 5, 5, 5, 5, 5, 5, 5, 5, 5, 5],
                [5, 5, 5, 5, 5, 5, 5, 5, 5, 5, 5, 5],
                [5, 5, 5, 5, 5, 5, 5, 5, 5, 5, 5, 5],
                [5, 5, 5, 5, 5, 5, 5, 5, 5, 5, 5, 5],
                [5, 5, 5, 5, 5, 5, 5, 5, 5, 5, 5, 5],
                [5, 5, 5, 5, 5, 5, 5, 5, 5, 5, 5, 5],
                [5, 5, 5, 5, 5, 5, 5, 5, 5, 5, 5, 8],
            ],
            "output": [[5]],
        },
        {
            "input": [
                [5, 5, 5, 5, 5, 5, 5, 5, 5, 5, 5, 5],
                [5, 5, 5, 5, 5, 5, 5, 5, 5, 5, 5, 5],
                [5, 5, 5, 5, 5, 5, 5, 5, 5, 5, 5, 5],
                [5, 5, 5, 5, 5, 5, 5, 5, 5, 5, 5, 5],
                [5, 5, 5, 5, 5, 5, 5, 5, 5, 5, 5, 5],
                [5, 5, 5, 5, 5, 5, 5, 5, 5, 5, 5, 5],
                [5, 5, 5, 5, 5, 5, 5, 5, 5, 5, 5, 5],
                [5, 5, 5, 5, 5, 5, 5, 5, 5, 5, 5, 5],
                [5, 5, 5, 5, 5, 5, 5, 5, 5, 5, 5, 8],
                [5, 5, 5, 5, 5, 5, 5, 5, 5, 5, 5, 8],
                [5, 5, 5, 5, 5, 5, 5, 5, 5, 5, 5, 8],
            ],
            "output": [[5]],
        },
		{
            "input": [
                [5, 5, 5, 5, 5, 5, 5, 5, 5, 5, 5, 5, 8],
                [5, 5, 5, 5, 5, 5, 5, 5, 5, 5, 5, 5, 8],
                [5, 5, 5, 5, 5, 5, 5, 5, 5, 5, 5, 5, 8],
                [5, 5, 5, 5, 5, 5, 5, 5, 5, 5, 5, 5, 8],
                [5, 5, 5, 5, 5, 5, 5, 5, 5, 5, 5, 5, 8],
                [5, 5, 5, 5, 5, 5, 5, 5, 5, 5, 5, 5, 8],
                [5, 5, 5, 5, 5, 5, 5, 5, 5, 5, 5, 5, 8],
                [5, 5, 5, 5, 5, 5, 5, 5, 5, 5, 5, 5, 8],
                [5, 5, 5, 5, 5, 5, 5, 5, 5, 5, 5, 5, 8],
                [5, 5, 5, 5, 5, 5, 5, 5, 5, 5, 5, 5, 8],
                [5, 5, 5, 5, 5, 5, 5, 5, 5, 5, 5, 5, 8],
            ],
            "output": [[5]],
        },
        {
            "input": [
                [7, 7, 7, 7, 7, 7, 7, 7, 7, 7, 7, 7],
                [7, 7, 7, 7, 7, 7, 7, 7, 7, 7, 7, 7],
                [7, 7, 7, 7, 7, 7, 7, 7, 7, 7, 7, 7],
                [7, 7, 7, 7, 7, 7, 7, 7, 7, 7, 7, 7],
                [7, 7, 7, 7, 7, 7, 7, 7, 7, 7, 7, 7],
                [7, 7, 7, 7, 7, 7, 7, 7, 7, 7, 7, 7],
                [7, 7, 7, 7, 7, 7, 7, 7, 7, 7, 7, 7],
                [7, 7, 7, 7, 7, 7, 7, 7, 7, 7, 7, 7],
                [7, 7, 7, 7, 7, 7, 7, 7, 7, 7, 7, 7],
                [7, 7, 7, 7, 7, 7, 7, 7, 7, 7, 7, 7],
                [7, 7, 7, 7, 7, 7, 7, 7, 7, 7, 7, 7],
            ],
            "output": [[7]],
        },
        {
            "input": [
                [7, 7, 7, 7, 7, 7, 7, 7, 7, 7, 7, 7],
                [7, 7, 7, 7, 7, 7, 7, 7, 7, 7, 7, 7],
                [7, 7, 7, 7, 7, 7, 7, 7, 7, 7, 7, 7],
                [7, 7, 7, 7, 7, 7, 7, 7, 7, 7, 7, 7],
                [7, 7, 7, 7, 7, 7, 7, 7, 7, 7, 7, 7],
                [7, 7, 7, 7, 7, 7, 7, 7, 7, 7, 7, 7],
                [7, 7, 7, 7, 7, 7, 7, 7, 7, 7, 7, 7],
                [7, 7, 7, 7, 7, 7, 7, 7, 7, 7, 7, 7],
                [7, 7, 7, 7, 7, 7, 7, 7, 7, 7, 7, 8],
                [7, 7, 7, 7, 7, 7, 7, 7, 7, 7, 7, 8],
                [7, 7, 7, 7, 7, 7, 7, 7, 7, 7, 7, 8],
            ],
            "output": [[7]],
        },
    ],
    "test": [
        {
            "input": [
                [6, 6, 6, 6, 6, 6, 6, 6, 6, 6, 6, 6],
                [6, 6, 6, 6, 6, 6, 6, 6, 6, 6, 6, 6],
                [6, 6, 6, 6, 6, 6, 6, 6, 6, 6, 6, 6],
                [6, 6, 6, 6, 6, 6, 6, 6, 6, 6, 6, 6],
                [6, 6, 6, 6, 6, 6, 6, 6, 6, 6, 6, 6],
                [6, 6, 6, 6, 6, 6, 6, 6, 6, 6, 6, 6],
                [6, 6, 6, 6, 6, 6, 6, 6, 6, 6, 6, 6],
                [6, 6, 6, 6, 6, 6, 6, 6, 6, 6, 6, 6],
                [6, 6, 6, 6, 6, 6, 6, 6, 6, 6, 6, 6],
                [6, 6, 6, 6, 6, 6, 6, 6, 6, 6, 6, 6],
                [6, 6, 6, 6, 6, 6, 6, 6, 6, 6, 6, 8],
            ],
            "output": [[6]],
        }
    ],
}

results = []
for example in task_data["train"]:
    input_grid = np.array(example["input"])
    output_grid = np.array(example["output"])
    object_count, most_common = count_objects(input_grid)
    results.append(
        {
            "input_shape": input_grid.shape,
            "output_shape": output_grid.shape,
            "object_count": object_count,
            "most_common_color": most_common
        }
    )

for r in results:
    print(r)