    [[0, 0, 0, 0, 0, 0, 0, 0, 0, 0],
     [0, 0, 0, 0, 0, 0, 0, 0, 0, 0],
     [0, 0, 0, 0, 2, 0, 0, 0, 7, 0],
     [0, 0, 0, 0, 2, 0, 0, 0, 7, 0],
     [0, 0, 0, 0, 0, 0, 0, 0, 0, 0]]
    ```
*   Output:
    ```
    [[0, 0, 0, 0, 0, 0, 0, 0, 0, 0],
     [0, 0, 0, 0, 0, 0, 0, 0, 0, 0],
     [0, 0, 0, 0, 2, 8, 8, 8, 7, 0],
     [0, 0, 0, 0, 2, 8, 8, 8, 7, 0],
     [0, 0, 0, 0, 0, 0, 0, 0, 0, 0]]
    ```
* Result: Correct

**Example 1:**

*   Input:
    ```
     [[0, 0, 0, 0, 0, 0, 0, 0, 0],
      [0, 0, 0, 2, 0, 0, 0, 7, 0],
      [0, 0, 0, 2, 0, 0, 0, 7, 0],
      [0, 0, 0, 2, 0, 0, 0, 7, 0],
      [0, 0, 0, 2, 0, 0, 0, 7, 0]]
    ```
*   Output:
    ```
     [[0, 0, 0, 0, 0, 0, 0, 0, 0],
      [0, 0, 0, 2, 8, 8, 8, 7, 0],
      [0, 0, 0, 2, 8, 8, 8, 7, 0],
      [0, 0, 0, 2, 8, 8, 8, 7, 0],
      [0, 0, 0, 2, 8, 8, 8, 7, 0]]
    ```
* Result: Correct

**Example 2:**

*   Input:
    ```
    [[0, 0, 0, 0, 0, 0, 0, 0, 0],
     [0, 0, 0, 0, 0, 0, 0, 0, 0],
     [0, 0, 2, 2, 0, 0, 7, 7, 0],
     [0, 0, 2, 2, 0, 0, 7, 7, 0],
     [0, 0, 2, 2, 0, 0, 7, 7, 0],
     [0, 0, 0, 0, 0, 0, 0, 0, 0]]
    ```
*   Output:
    ```
    [[0, 0, 0, 0, 0, 0, 0, 0, 0],
     [0, 0, 0, 0, 0, 0, 0, 0, 0],
     [0, 0, 2, 2, 8, 8, 7, 7, 0],
     [0, 0, 2, 2, 8, 8, 7, 7, 0],
     [0, 0, 2, 2, 8, 8, 7, 7, 0],
     [0, 0, 0, 0, 0, 0, 0, 0, 0]]
    ```
* Result: Correct

**Example 3:**

* Input:
    ```
    [[0, 0, 0, 0, 0, 0, 0, 0],
     [0, 2, 0, 0, 0, 7, 0, 0],
     [0, 2, 0, 0, 0, 7, 0, 0],
     [0, 0, 0, 0, 0, 0, 0, 0]]
    ```

* Output:

    ```
    [[0, 0, 0, 0, 0, 0, 0, 0],
     [0, 2, 8, 8, 8, 7, 0, 0],
     [0, 2, 8, 8, 8, 7, 0, 0],
     [0, 0, 0, 0, 0, 0, 0, 0]]
    ```
* Result: Correct

**YAML Facts**
