Input Grid:
[[0 0 0 0 0 0 0 0 0 0]
 [0 0 0 0 0 0 0 0 0 0]
 [0 0 0 0 0 1 1 0 0 0]
 [0 0 0 0 1 1 1 1 0 0]
 [0 0 0 1 1 1 1 0 0 0]
 [0 0 1 1 1 1 1 1 0 0]
 [0 0 1 1 1 1 1 0 0 0]
 [0 0 0 1 1 1 1 1 0 0]
 [0 0 0 0 0 1 1 1 1 0]
 [0 0 0 0 0 0 0 0 0 0]]
Output Grid:
[[0 0 0 0 0 0 0 0 0 0]
 [0 0 0 0 0 0 0 0 0 0]
 [0 0 0 0 0 2 2 0 0 0]
 [0 0 0 0 1 2 1 2 0 0]
 [0 0 0 1 1 1 1 0 0 0]
 [0 0 2 1 1 1 1 2 0 0]
 [0 0 2 1 1 1 1 0 0 0]
 [0 0 0 2 1 1 1 2 0 0]
 [0 0 0 0 0 1 2 1 2 0]
 [0 0 0 0 0 0 0 0 0 0]]
Blue Coords (Input): [(2, 5), (2, 6), (3, 4), (3, 5), (3, 6), (3, 7), (4, 3), (4, 4), (4, 5), (4, 6), (5, 2), (5, 3), (5, 4), (5, 5), (5, 6), (5, 7), (6, 2), (6, 3), (6, 4), (6, 5), (6, 6), (7, 3), (7, 4), (7, 5), (7, 6), (7, 7), (8, 5), (8, 6), (8, 7), (8, 8)]
Red Coords (Output): [(2, 5), (2, 6), (3, 5), (3, 7), (5, 2), (5, 7), (6, 2), (7, 3), (7, 7), (8, 6), (8, 8)]
Added Red:[(3, 5), (3, 7), (5, 2), (5, 7), (6, 2), (7, 3), (7, 7), (8, 6), (8, 8)]
--------------------
Input Grid:
[[0 0 0 0 0 0 0 0 0 0 0 0 0 0 0]
 [0 0 0 0 0 0 0 0 0 0 0 0 0 0 0]
 [0 0 0 0 0 0 0 0 0 0 0 0 0 0 0]
 [0 0 0 0 0 0 0 0 0 0 0 0 0 0 0]
 [0 0 0 0 0 0 0 0 0 0 0 0 0 0 0]
 [0 0 0 0 0 0 0 0 0 0 0 0 0 0 0]
 [0 0 0 0 0 0 0 0 0 0 0 0 0 0 0]
 [0 0 0 0 0 0 0 0 0 0 0 0 0 0 0]
 [0 0 0 0 0 0 0 0 0 0 0 0 0 0 0]
 [0 0 0 0 0 0 0 0 0 0 0 0 0 0 0]
 [0 0 0 0 0 0 1 1 1 0 0 0 0 0 0]
 [0 0 0 0 0 0 1 1 0 0 0 0 0 0 0]
 [0 0 0 0 0 0 1 0 0 0 0 0 0 0 0]
 [0 0 0 0 0 0 0 0 0 0 0 0 0 0 0]
 [0 0 0 0 0 0 0 0 0 0 0 0 0 0 0]]
Output Grid:
[[0 0 0 0 0 0 0 0 0 0 0 0 0 0 0]
 [0 0 0 0 0 0 0 0 0 0 0 0 0 0 0]
 [0 0 0 0 0 0 0 0 0 0 0 0 0 0 0]
 [0 0 0 0 0 0 0 0 0 0 0 0 0 0 0]
 [0 0 0 0 0 0 0 0 0 0 0 0 0 0 0]
 [0 0 0 0 0 0 0 0 0 0 0 0 0 0 0]
 [0 0 0 0 0 0 0 0 0 0 0 0 0 0 0]
 [0 0 0 0 0 0 0 0 0 0 0 0 0 0 0]
 [0 0 0 0 0 0 0 0 0 0 0 0 0 0 0]
 [0 0 0 0 0 0 0 0 0 0 0 0 0 0 0]
 [0 0 0 0 0 0 2 2 2 0 0 0 0 0 0]
 [0 0 0 0 0 0 2 2 0 0 0 0 0 0 0]
 [0 0 0 0 0 0 2 0 0 0 0 0 0 0 0]
 [0 0 0 0 0 0 0 0 0 0 0 0 0 0 0]
 [0 0 0 0 0 0 0 0 0 0 0 0 0 0 0]]
Blue Coords (Input): [(10, 6), (10, 7), (10, 8), (11, 6), (11, 7), (12, 6)]
Red Coords (Output): [(10, 6), (10, 7), (10, 8), (11, 6), (11, 7), (12, 6)]
Added Red:[(10, 6), (10, 7), (10, 8), (11, 6), (11, 7), (12, 6)]
--------------------
Input Grid:
[[0 0 0 0 0 0 0 0 0 0 0 0]
 [0 0 0 0 0 0 0 0 0 0 0 0]
 [0 0 0 0 0 0 0 0 0 0 0 0]
 [0 0 0 0 0 0 0 0 0 0 0 0]
 [0 0 0 0 0 0 0 0 0 0 0 0]
 [0 0 0 0 0 1 1 1 1 0 0 0]
 [0 0 0 0 0 1 1 1 1 0 0 0]
 [0 0 0 0 0 0 0 0 0 0 0 0]
 [0 0 0 0 0 0 0 0 0 0 0 0]
 [0 0 0 0 0 0 0 0 0 0 0 0]
 [0 0 0 0 0 0 0 0 0 0 0 0]
 [0 0 0 0 0 0 0 0 0 0 0 0]]
Output Grid:
[[0 0 0 0 0 0 0 0 0 0 0 0]
 [0 0 0 0 0 0 0 0 0 0 0 0]
 [0 0 0 0 0 0 0 0 0 0 0 0]
 [0 0 0 0 0 0 0 0 0 0 0 0]
 [0 0 0 0 0 0 0 0 0 0 0 0]
 [0 0 0 0 0 2 2 2 2 0 0 0]
 [0 0 0 0 0 2 2 2 2 0 0 0]
 [0 0 0 0 0 0 0 0 0 0 0 0]
 [0 0 0 0 0 0 0 0 0 0 0 0]
 [0 0 0 0 0 0 0 0 0 0 0 0]
 [0 0 0 0 0 0 0 0 0 0 0 0]
 [0 0 0 0 0 0 0 0 0 0 0 0]]
Blue Coords (Input): [(5, 5), (5, 6), (5, 7), (5, 8), (6, 5), (6, 6), (6, 7), (6, 8)]
Red Coords (Output): [(5, 5), (5, 6), (5, 7), (5, 8), (6, 5), (6, 6), (6, 7), (6, 8)]
Added Red:[(5, 5), (5, 6), (5, 7), (5, 8), (6, 5), (6, 6), (6, 7), (6, 8)]
--------------------