    [[4 4 4]
    [4 4 4]
    [9 4 1]]
    ```

    Expected Output:
    ```
    [[0 4 4 4]
    [4 4 4 4]
    [1 9 4 4]
    [4 4 4 4]]
    ```

    Actual Output:
    ```
    [[0 4 4 4]
    [4 4 4 4]
    [1 9 4 4]
    [4 4 4 4]]
    ```

*   **Example 2**: ❌

    Input:
    ```
    [[4 9]
    [4 4]
    [4 1]]
    ```

    Expected Output:

    ```
    [[0 4 4 4]
    [4 4 4 4]
    [1 9 4 4]
    [4 4 4 4]]
    ```

    Actual Output:

    ```
    [[0 4 4 4]
    [4 4 4 4]
    [4 4 4 4]
    [4 4 4 4]]

    ```

*  **Example 3**: ❌

   Input:
    ```
     [[1 9 4 4]]
    ```

    Expected Output:

    ```
    [[0 4 4 4]
    [1 9 4 4]
    [4 4 4 4]
    [4 4 4 4]]
    ```

   Actual Output:

    ```
      [[0 4 4 4]
      [4 4 4 4]
      [4 4 4 4]
      [4 4 4 4]]
     ```

**YAML Facts:**
