    [[8 8 0]
     [8 8 0]
     [0 0 0]]
    ```
*   **Expected Output:**
    ```
    [[8 8 8 8 0 0]
     [8 8 8 8 0 0]
     [8 8 8 8 0 0]
     [8 8 8 8 0 0]
     [0 0 0 0 0 0]
     [0 0 0 0 0 0]]
    ```
*   **Actual Output (from code):**
    ```
    [[8 8 8 8 0 0]
     [8 8 8 8 0 0]
     [8 8 8 8 0 0]
     [8 8 8 8 0 0]
     [0 0 0 0 0 0]
     [0 0 0 0 0 0]]
    ```
    Result: correct

**Example 2**

*   **Input:**
    ```
    [[0 8 8]
     [0 8 0]
     [0 0 0]]
    ```
*   **Expected Output:**
    ```
    [[0 0 8 8 8 8]
     [0 0 8 8 8 8]
     [0 0 8 8 0 0]
     [0 0 8 8 0 0]
     [0 0 0 0 0 0]
     [0 0 0 0 0 0]]
    ```
*   **Actual Output (from code):**
    ```
     [[0 8 8 8 8]
     [0 8 8 8 8]
     [0 8 8 0 0]
     [0 8 8 0 0]
     [0 0 0 0 0]
     [0 0 0 0 0]]

    ```
    Result: incorrect

**Example 3**

*   **Input:**
    ```
    [[0 0 0]
     [0 8 0]
     [0 0 0]]
    ```
*   **Expected Output:**
    ```
    [[0 0 0 0 0 0]
     [0 0 0 0 0 0]
     [0 0 8 8 0 0]
     [0 0 8 8 0 0]
     [0 0 0 0 0 0]
     [0 0 0 0 0 0]]
    ```
*   **Actual Output (from code):**
    ```
    [[0 0 0 0 0 0]
     [0 0 0 0 0 0]
     [0 0 8 8 0 0]
     [0 0 8 8 0 0]
     [0 0 0 0 0 0]
     [0 0 0 0 0 0]]
    ```
    Result: correct

**YAML Fact Block**
