[2025-02-10T09:32:15.318854] PROMPT: Description: example_1
--------------------------------------------------------------------------------

================================================================================

```python
example_1_input = [[0 0 0 0 0 0 0 0 0 0 0]
 [0 0 5 5 0 0 0 0 0 0 0]
 [0 0 5 5 5 5 5 0 0 0 0]
 [0 0 0 5 5 5 0 0 0 0 0]
 [0 0 0 5 5 5 5 5 0 0 0]
 [0 0 0 5 0 0 5 5 0 0 0]
 [0 0 0 0 0 5 5 5 0 0 0]
 [0 0 0 0 0 0 0 0 0 0 0]
 [0 0 0 0 0 0 0 0 0 0 0]]

example_1_output = [[0 0 0 0 0 0 0 0 0 0 0]
 [0 0 8 8 0 0 0 0 0 0 0]
 [0 0 8 8 2 2 2 0 0 0 0]
 [0 0 0 2 8 8 0 0 0 0 0]
 [0 0 0 2 8 8 8 8 0 0 0]
 [0 0 0 2 0 0 8 8 0 0 0]
 [0 0 0 0 0 2 2 2 0 0 0]
 [0 0 0 0 0 0 0 0 0 0 0]
 [0 0 0 0 0 0 0 0 0 0 0]]
```

**images**

input:
<PIL.Image.Image image mode=RGB size=704x576 at 0x77622B163DC0>
output:
<PIL.Image.Image image mode=RGB size=704x576 at 0x77622AF2B880>

