[2025-02-10T09:32:24.465101] PROMPT: Description: example_2
--------------------------------------------------------------------------------

================================================================================

```python
example_2_input = [[0 0 0 0 0 0 0 0 0 0]
 [0 5 5 5 5 5 5 0 0 0]
 [0 5 5 5 5 5 5 0 0 0]
 [0 0 0 5 0 0 5 0 0 0]
 [0 0 0 0 5 5 5 0 0 0]
 [0 0 0 0 5 5 5 0 0 0]
 [0 0 0 0 5 0 0 0 0 0]
 [0 0 0 0 0 0 0 0 0 0]]

example_2_output = [[0 0 0 0 0 0 0 0 0 0]
 [0 8 8 2 8 8 2 0 0 0]
 [0 8 8 2 8 8 2 0 0 0]
 [0 0 0 2 0 0 2 0 0 0]
 [0 0 0 0 2 8 8 0 0 0]
 [0 0 0 0 2 8 8 0 0 0]
 [0 0 0 0 2 0 0 0 0 0]
 [0 0 0 0 0 0 0 0 0 0]]
```

**images**

input:
<PIL.Image.Image image mode=RGB size=640x512 at 0x77622B163610>
output:
<PIL.Image.Image image mode=RGB size=640x512 at 0x77622AF2B940>

