[2025-02-10T09:32:37.223865] PROMPT: Description: example_3
--------------------------------------------------------------------------------

================================================================================

```python
example_3_input = [[0 0 0 0 0 0 0 0 0]
 [0 5 5 5 5 5 0 0 0]
 [0 0 0 0 5 5 0 0 0]
 [0 0 0 5 0 0 0 0 0]
 [0 0 0 5 5 5 0 0 0]
 [0 0 0 5 5 5 0 0 0]
 [0 0 0 0 0 0 0 0 0]
 [0 0 0 0 0 0 0 0 0]]

example_3_output = [[0 0 0 0 0 0 0 0 0]
 [0 2 2 2 8 8 0 0 0]
 [0 0 0 0 8 8 0 0 0]
 [0 0 0 2 0 0 0 0 0]
 [0 0 0 2 8 8 0 0 0]
 [0 0 0 2 8 8 0 0 0]
 [0 0 0 0 0 0 0 0 0]
 [0 0 0 0 0 0 0 0 0]]
```

**images**

input:
<PIL.Image.Image image mode=RGB size=576x512 at 0x77622AF2B880>
output:
<PIL.Image.Image image mode=RGB size=576x512 at 0x77622B163610>

