import numpy as np

def analyze_example(input_grid, output_grid, predicted_grid):
    """Analyzes a single example and its predicted output."""

    # Convert to sets of (row, col) tuples for easy comparison
    target_pixels = set(map(tuple, np.argwhere(output_grid != 0)))
    predicted_pixels = set(map(tuple, np.argwhere(predicted_grid != 0)))
    input_pixels = set(map(tuple,np.argwhere(input_grid != 0)))


    correct_pixels = target_pixels.intersection(predicted_pixels)
    missed_pixels = target_pixels.difference(predicted_pixels)
    extra_pixels = predicted_pixels.difference(target_pixels)
    input_blue_pixels = set(map(tuple, np.argwhere(input_grid == 1)))
    output_blue_pixels = set(map(tuple, np.argwhere(output_grid == 1)))

    print(f"  Input Blue Pixels: {len(input_blue_pixels)}")
    print(f"  Correct Pixels: {len(correct_pixels)}")
    print(f"  Missed Pixels: {len(missed_pixels)}")
    print(f"  Extra Pixels: {len(extra_pixels)}")
    print(f"  output grid has blue pixels: {len(output_blue_pixels) > 0}")


task = {
    "train": [
        {
            "input": [[0, 0, 0, 0, 0, 0, 0, 0, 0, 0], [0, 0, 0, 0, 0, 0, 0, 0, 0, 0], [0, 0, 0, 0, 8, 0, 0, 0, 0, 0], [0, 0, 0, 0, 8, 0, 0, 0, 0, 0], [0, 0, 0, 0, 8, 0, 0, 1, 0, 0], [0, 0, 0, 0, 8, 0, 0, 1, 0, 0], [0, 0, 0, 0, 8, 0, 0, 1, 0, 0], [0, 0, 0, 0, 8, 0, 0, 0, 0, 0], [0, 0, 0, 0, 0, 0, 0, 0, 0, 0], [0, 0, 0, 0, 0, 0, 0, 0, 0, 0]],
            "output": [[0, 0, 0, 0, 0, 0, 0, 0, 0, 0], [0, 0, 0, 0, 0, 0, 0, 0, 0, 0], [0, 0, 0, 0, 8, 0, 0, 0, 0, 0], [0, 0, 0, 0, 8, 0, 0, 0, 0, 0], [0, 0, 0, 0, 8, 0, 0, 6, 0, 0], [0, 0, 0, 0, 8, 0, 0, 6, 0, 0], [0, 0, 0, 0, 8, 0, 0, 6, 0, 0], [0, 0, 0, 0, 8, 0, 0, 0, 0, 0], [0, 0, 0, 0, 0, 0, 0, 0, 0, 0], [0, 0, 0, 0, 0, 0, 0, 0, 0, 0]],
        },
        {
            "input": [[0, 0, 0, 0, 0, 0, 0, 0, 0, 0, 0, 0, 0, 0, 0], [0, 0, 0, 0, 0, 0, 0, 0, 0, 0, 0, 0, 0, 0, 0], [0, 0, 0, 0, 0, 0, 0, 0, 0, 0, 0, 0, 0, 0, 0], [0, 0, 0, 0, 0, 0, 8, 8, 8, 0, 0, 0, 0, 0, 0], [0, 0, 0, 0, 0, 0, 8, 1, 8, 0, 0, 0, 0, 0, 0], [0, 0, 0, 0, 0, 0, 8, 1, 8, 0, 0, 0, 0, 0, 0], [0, 0, 0, 0, 0, 0, 8, 1, 8, 0, 0, 0, 0, 0, 0], [0, 0, 0, 0, 0, 0, 8, 8, 8, 0, 0, 0, 0, 0, 0], [0, 0, 0, 0, 0, 0, 0, 0, 0, 0, 0, 0, 0, 0, 0], [0, 0, 0, 0, 0, 0, 0, 0, 0, 0, 0, 0, 0, 0, 0], [0, 0, 0, 0, 0, 0, 0, 0, 0, 0, 0, 0, 0, 0, 0], [0, 0, 0, 0, 0, 0, 0, 0, 0, 0, 0, 0, 0, 0, 0]],
            "output": [[0, 0, 0, 0, 0, 0, 0, 0, 0, 0, 0, 0, 0, 0, 0], [0, 0, 0, 0, 0, 0, 0, 0, 0, 0, 0, 0, 0, 0, 0], [0, 0, 0, 0, 0, 0, 0, 0, 0, 0, 0, 0, 0, 0, 0], [0, 0, 0, 0, 0, 0, 8, 8, 8, 0, 0, 0, 0, 0, 0], [0, 0, 0, 0, 0, 0, 8, 6, 8, 0, 0, 0, 0, 0, 0], [0, 0, 0, 0, 0, 0, 8, 6, 8, 0, 0, 0, 0, 0, 0], [0, 0, 0, 0, 0, 0, 8, 6, 8, 0, 0, 0, 0, 0, 0], [0, 0, 0, 0, 0, 0, 8, 8, 8, 0, 0, 0, 0, 0, 0], [0, 0, 0, 0, 0, 0, 0, 0, 0, 0, 0, 0, 0, 0, 0], [0, 0, 0, 0, 0, 0, 0, 0, 0, 0, 0, 0, 0, 0, 0], [0, 0, 0, 0, 0, 0, 0, 0, 0, 0, 0, 0, 0, 0, 0], [0, 0, 0, 0, 0, 0, 0, 0, 0, 0, 0, 0, 0, 0, 0]],
        },
        {
            "input": [[0, 0, 0, 0, 0, 0, 0, 0, 0, 0, 0, 0, 0, 0], [0, 0, 0, 0, 0, 0, 0, 0, 0, 0, 0, 0, 0, 0], [0, 0, 0, 0, 0, 0, 0, 0, 0, 0, 0, 0, 0, 0], [0, 0, 0, 0, 0, 0, 0, 0, 0, 0, 0, 0, 0, 0], [0, 0, 0, 0, 0, 0, 0, 8, 0, 0, 0, 0, 0, 0], [0, 0, 0, 0, 0, 0, 8, 1, 8, 0, 0, 0, 0, 0], [0, 0, 0, 0, 0, 0, 8, 8, 8, 0, 0, 0, 0, 0], [0, 0, 0, 0, 0, 0, 0, 0, 0, 0, 0, 0, 0, 0], [0, 0, 0, 0, 0, 0, 0, 0, 0, 0, 0, 0, 0, 0], [0, 0, 0, 0, 0, 0, 0, 0, 0, 0, 0, 0, 0, 0], [0, 0, 0, 0, 0, 0, 0, 0, 0, 0, 0, 0, 0, 0]],
            "output": [[0, 0, 0, 0, 0, 0, 0, 0, 0, 0, 0, 0, 0, 0], [0, 0, 0, 0, 0, 0, 0, 0, 0, 0, 0, 0, 0, 0], [0, 0, 0, 0, 0, 0, 0, 0, 0, 0, 0, 0, 0, 0], [0, 0, 0, 0, 0, 0, 0, 0, 0, 0, 0, 0, 0, 0], [0, 0, 0, 0, 0, 0, 0, 8, 0, 0, 0, 0, 0, 0], [0, 0, 0, 0, 0, 0, 8, 6, 8, 0, 0, 0, 0, 0], [0, 0, 0, 0, 0, 0, 8, 8, 8, 0, 0, 0, 0, 0], [0, 0, 0, 0, 0, 0, 0, 0, 0, 0, 0, 0, 0, 0], [0, 0, 0, 0, 0, 0, 0, 0, 0, 0, 0, 0, 0, 0], [0, 0, 0, 0, 0, 0, 0, 0, 0, 0, 0, 0, 0, 0], [0, 0, 0, 0, 0, 0, 0, 0, 0, 0, 0, 0, 0, 0]],
        },
        {
            "input": [[8, 8, 8, 8, 8, 8, 8, 8, 8, 8, 8, 8], [8, 8, 8, 8, 8, 8, 8, 8, 8, 8, 8, 8], [8, 8, 8, 8, 8, 8, 8, 8, 8, 8, 8, 8], [8, 8, 8, 8, 8, 8, 8, 8, 8, 8, 8, 8], [8, 8, 8, 8, 8, 8, 8, 8, 8, 8, 8, 8], [8, 8, 8, 8, 8, 8, 8, 8, 8, 8, 8, 8], [8, 8, 8, 8, 8, 8, 8, 1, 8, 8, 8, 8], [8, 8, 8, 8, 8, 8, 8, 1, 8, 8, 8, 8], [8, 8, 8, 8, 8, 8, 8, 1, 8, 8, 8, 8], [8, 8, 8, 8, 8, 8, 8, 8, 8, 8, 8, 8], [8, 8, 8, 8, 8, 8, 8, 8, 8, 8, 8, 8], [8, 8, 8, 8, 8, 8, 8, 8, 8, 8, 8, 8]],
            "output": [[8, 8, 8, 8, 8, 8, 8, 8, 8, 8, 8, 8], [8, 8, 8, 8, 8, 8, 8, 8, 8, 8, 8, 8], [8, 8, 8, 8, 8, 8, 8, 8, 8, 8, 8, 8], [8, 8, 8, 8, 8, 8, 8, 8, 8, 8, 8, 8], [8, 8, 8, 8, 8, 8, 8, 8, 8, 8, 8, 8], [8, 8, 8, 8, 8, 8, 8, 8, 8, 8, 8, 8], [8, 8, 8, 8, 8, 8, 8, 6, 8, 8, 8, 8], [8, 8, 8, 8, 8, 8, 8, 6, 8, 8, 8, 8], [8, 8, 8, 8, 8, 8, 8, 6, 8, 8, 8, 8], [8, 8, 8, 8, 8, 8, 8, 8, 8, 8, 8, 8], [8, 8, 8, 8, 8, 8, 8, 8, 8, 8, 8, 8], [8, 8, 8, 8, 8, 8, 8, 8, 8, 8, 8, 8]],
        },
    ],
    "test": [
        {
            "input": [[0, 0, 0, 0, 0, 0, 0, 0, 0, 0, 0, 0, 0, 0, 0], [0, 0, 0, 0, 0, 0, 0, 0, 0, 0, 0, 0, 0, 0, 0], [0, 0, 0, 0, 0, 0, 0, 0, 0, 0, 0, 0, 0, 0, 0], [0, 0, 0, 0, 0, 0, 0, 0, 0, 0, 0, 0, 0, 0, 0], [0, 0, 0, 0, 0, 0, 8, 8, 8, 0, 0, 0, 0, 0, 0], [0, 0, 0, 0, 0, 0, 8, 1, 8, 0, 0, 0, 0, 0, 0], [0, 0, 0, 0, 0, 0, 8, 1, 8, 0, 0, 0, 0, 0, 0], [0, 0, 0, 0, 0, 0, 8, 8, 8, 0, 0, 0, 0, 0, 0], [0, 0, 0, 0, 0, 0, 0, 0, 0, 0, 0, 0, 0, 0, 0], [0, 0, 0, 0, 0, 0, 0, 0, 0, 0, 0, 0, 0, 0, 0]],
            "output": [[0, 0, 0, 0, 0, 0, 0, 0, 0, 0, 0, 0, 0, 0, 0], [0, 0, 0, 0, 0, 0, 0, 0, 0, 0, 0, 0, 0, 0, 0], [0, 0, 0, 0, 0, 0, 0, 0, 0, 0, 0, 0, 0, 0, 0], [0, 0, 0, 0, 0, 0, 0, 0, 0, 0, 0, 0, 0, 0, 0], [0, 0, 0, 0, 0, 0, 8, 8, 8, 0, 0, 0, 0, 0, 0], [0, 0, 0, 0, 0, 0, 8, 6, 8, 0, 0, 0, 0, 0, 0], [0, 0, 0, 0, 0, 0, 8, 6, 8, 0, 0, 0, 0, 0, 0], [0, 0, 0, 0, 0, 0, 8, 8, 8, 0, 0, 0, 0, 0, 0], [0, 0, 0, 0, 0, 0, 0, 0, 0, 0, 0, 0, 0, 0, 0], [0, 0, 0, 0, 0, 0, 0, 0, 0, 0, 0, 0, 0, 0, 0]],
        }
    ],
}

import numpy as np

# Previous Code (modified for multiple examples)
def find_blue_shapes(grid):
    blue_pixels = np.argwhere(grid == 1)
    return blue_pixels

def find_y_midpoints(pixels):
    unique_y = []
    for x,y in pixels:
      if y not in unique_y:
        unique_y.append(y)
    return unique_y

def transform(input_grid):
    output_grid = np.copy(input_grid)
    blue_pixels = find_blue_shapes(input_grid)
    y_axis = find_y_midpoints(blue_pixels)
    for x in range(input_grid.shape[0]):
       for y in y_axis:
        output_grid[x,y] = 6
    for r, c in blue_pixels:
        for dr, dc in [(0, 1), (0, -1), (1, 0), (-1, 0)]:
            nr, nc = r + dr, c + dc
            if 0 <= nr < output_grid.shape[0] and 0 <= nc < output_grid.shape[1] and output_grid[nr, nc] != 1 and output_grid[nr,nc] != 6:
                output_grid[nr, nc] = 6
    return output_grid

# Iterate through training examples
for i, example in enumerate(task["train"]):
    input_grid = np.array(example["input"])
    output_grid = np.array(example["output"])
    predicted_grid = transform(input_grid)

    print(f"Example {i+1}:")
    analyze_example(input_grid, output_grid, predicted_grid)
    print("-" * 20)