[{'input_shape': (11, 11), 'output_shape': (11, 11), 'seed': [[2, 8, 3], [8, 0, 8], [2, 8, 0]], 'input_first_row': [2, 8, 3, 2, 8, 2, 8, 3, 8, 2, 8], 'output_first_row': [2, 8, 3, 2, 8, 3, 2, 8, 3, 2, 8], 'input_colors': [0, 2, 3, 8], 'output_colors': [2, 3, 8], 'seed_colors': [0, 2, 3, 8]}, {'input_shape': (13, 13), 'output_shape': (13, 13), 'seed': [[2, 3, 8], [3, 0, 3], [8, 2, 0]], 'input_first_row': [2, 3, 8, 3, 2, 8, 3, 2, 3, 8, 3, 3, 2], 'output_first_row': [2, 3, 8, 2, 3, 8, 2, 3, 8, 2, 3, 8, 2], 'input_colors': [0, 2, 3, 8], 'output_colors': [2, 3, 8], 'seed_colors': [0, 2, 3, 8]}, {'input_shape': (13, 15), 'output_shape': (13, 15), 'seed': [[8, 2, 3], [8, 0, 2], [8, 3, 0]], 'input_first_row': [8, 2, 3, 8, 2, 3, 8, 2, 3, 8, 2, 3, 8, 8, 2], 'output_first_row': [8, 2, 3, 8, 2, 3, 8, 2, 3, 8, 2, 3, 8, 2, 3], 'input_colors': [0, 2, 3, 8], 'output_colors': [2, 3, 8], 'seed_colors': [0, 2, 3, 8]}]
Example: 0
Prediction:
[[2 8 3 2 8 3 2 8 3 2 8]
 [8 2 8 8 2 8 8 2 8 8 2]
 [2 8 3 2 8 3 2 8 3 2 8]
 [2 8 3 2 8 3 2 8 3 2 8]
 [8 2 8 8 2 8 8 2 8 8 2]
 [2 8 3 2 8 3 2 8 3 2 8]
 [2 8 3 2 8 3 2 8 3 2 8]
 [8 2 8 8 2 8 8 2 8 8 2]
 [2 8 3 2 8 3 2 8 3 2 8]
 [2 8 3 2 8 3 2 8 3 2 8]
 [8 2 8 8 2 8 8 2 8 8 2]]
Expected:
[[2 8 3 2 8 3 2 8 3 2 8]
 [8 2 8 8 3 8 8 2 8 8 3]
 [2 8 3 2 8 3 2 8 3 2 8]
 [2 8 3 2 8 3 2 8 3 2 8]
 [8 3 8 8 2 8 8 3 8 8 2]
 [2 8 3 2 8 3 2 8 3 2 8]
 [2 8 3 2 8 3 2 8 3 2 8]
 [8 2 8 8 3 8 8 2 8 8 3]
 [2 8 3 2 8 3 2 8 3 2 8]
 [2 8 3 2 8 3 2 8 3 2 8]
 [8 3 8 8 2 8 8 3 8 8 2]]
Correct: False
Example: 1
Prediction:
[[2 3 8 2 3 8 2 3 8 2 3 8 2]
 [3 2 3 3 2 3 3 2 3 3 2 3 3]
 [8 3 2 8 3 2 8 3 2 8 3 2 8]
 [2 3 8 2 3 8 2 3 8 2 3 8 2]
 [3 2 3 3 2 3 3 2 3 3 2 3 3]
 [8 3 2 8 3 2 8 3 2 8 3 2 8]
 [2 3 8 2 3 8 2 3 8 2 3 8 2]
 [3 2 3 3 2 3 3 2 3 3 2 3 3]
 [8 3 2 8 3 2 8 3 2 8 3 2 8]
 [2 3 8 2 3 8 2 3 8 2 3 8 2]
 [3 2 3 3 2 3 3 2 3 3 2 3 3]
 [8 3 2 8 3 2 8 3 2 8 3 2 8]
 [2 3 8 2 3 8 2 3 8 2 3 8 2]]
Expected:
[[2 3 8 2 3 8 2 3 8 2 3 8 2]
 [3 2 3 3 8 3 3 2 3 3 8 3 3]
 [8 3 2 8 3 2 8 3 2 8 3 2 8]
 [2 3 8 2 3 8 2 3 8 2 3 8 2]
 [3 8 3 3 2 3 3 8 3 3 2 3 3]
 [8 3 2 8 3 2 8 3 2 8 3 2 8]
 [2 3 8 2 3 8 2 3 8 2 3 8 2]
 [3 2 3 3 8 3 3 2 3 3 8 3 3]
 [8 3 2 8 3 2 8 3 2 8 3 2 8]
 [2 3 8 2 3 8 2 3 8 2 3 8 2]
 [3 8 3 3 2 3 3 8 3 3 2 3 3]
 [8 3 2 8 3 2 8 3 2 8 3 2 8]
 [2 3 8 2 3 8 2 3 8 2 3 8 2]]
Correct: False
Example: 2
Prediction:
[[8 2 3 8 2 3 8 2 3 8 2 3 8 8 2]
 [8 8 2 8 8 2 8 8 2 8 8 2 8 8 8]
 [8 3 8 8 3 8 8 3 8 8 3 8 8 8 3]
 [8 2 3 8 2 3 8 2 3 8 2 3 8 8 2]
 [8 8 2 8 8 2 8 8 2 8 8 2 8 8 8]
 [8 3 8 8 3 8 8 3 8 8 3 8 8 8 3]
 [8 2 3 8 2 3 8 2 3 8 2 3 8 8 2]
 [8 8 2 8 8 2 8 8 2 8 8 2 8 8 8]
 [8 3 8 8 3 8 8 3 8 8 3 8 8 8 3]
 [8 2 3 8 2 3 8 2 3 8 2 3 8 8 2]
 [8 8 2 8 8 2 8 8 2 8 8 2 8 8 8]
 [8 3 8 8 3 8 8 3 8 8 3 8 8 8 3]
 [8 2 3 8 2 3 8 2 3 8 2 3 8 8 2]]
Expected:
[[8 2 3 8 2 3 8 2 3 8 2 3 8 2 3]
 [8 2 2 8 3 2 8 8 2 8 3 2 8 8 2]
 [8 3 8 8 3 8 8 2 8 8 3 8 8 2 8]
 [8 2 3 8 2 3 8 2 3 8 2 3 8 2 3]
 [8 3 2 8 3 2 8 8 2 8 3 2 8 8 2]
 [8 3 8 8 3 8 8 2 8 8 3 8 8 2 8]
 [8 2 3 8 2 3 8 2 3 8 2 3 8 2 3]
 [8 2 2 8 3 2 8 8 2 8 3 2 8 8 2]
 [8 3 8 8 3 8 8 2 8 8 3 8 8 2 8]
 [8 2 3 8 2 3 8 2 3 8 2 3 8 2 3]
 [8 3 2 8 3 2 8 8 2 8 3 2 8 8 2]
 [8 3 8 8 3 8 8 2 8 8 3 8 8 2 8]
 [8 2 3 8 2 3 8 2 3 8 2 3 8 2 3]]
Correct: False