[2025-02-10T11:51:34.992888] PROMPT: Description: example_2
--------------------------------------------------------------------------------

================================================================================

```python
example_2_input = [[0 0 0 0 8 8 0]
 [0 0 0 0 0 8 0]
 [0 0 8 0 0 0 0]
 [0 0 8 8 0 0 0]
 [0 0 0 0 0 0 0]
 [0 0 0 0 8 0 0]
 [0 0 0 8 8 0 0]]

example_2_output = [[0 0 0 0 8 8 0]
 [0 0 0 0 1 8 0]
 [0 0 8 1 0 0 0]
 [0 0 8 8 0 0 0]
 [0 0 0 0 0 0 0]
 [0 0 0 1 8 0 0]
 [0 0 0 8 8 0 0]]
```

**images**

input:
<PIL.Image.Image image mode=RGB size=448x448 at 0x730E7CB5F610>
output:
<PIL.Image.Image image mode=RGB size=448x448 at 0x730E7C9C14B0>

