<table><tr><th colspan='2'>Example 0</th></tr><tr><td>Match</td><td>True</td></tr><tr><td>Input Shape</td><td>(19, 18)</td></tr><tr><td>Output Shape</td><td>(19, 18)</td></tr><tr><td>Dividing Line</td><td>3</td></tr><tr><td>Object at Line</td><td>{'min_row': 3, 'min_col': 3, 'max_row': 11, 'max_col': 11, 'color': 2}</td></tr><tr><td>Input Objects</td><td><pre>[
  {
    "color": 2,
    "min_row": 3,
    "min_col": 3,
    "max_row": 11,
    "max_col": 11,
    "coords": [
      [
        3,
        3
      ],
      [
        3,
        4
      ],
      [
        3,
        5
      ],
      [
        3,
        6
      ],
      [
        3,
        7
      ],
      [
        3,
        8
      ],
      [
        3,
        9
      ],
      [
        3,
        10
      ],
      [
        3,
        11
      ],
      [
        4,
        3
      ],
      [
        4,
        4
      ],
      [
        4,
        5
      ],
      [
        4,
        6
      ],
      [
        4,
        7
      ],
      [
        4,
        8
      ],
      [
        4,
        9
      ],
      [
        4,
        10
      ],
      [
        4,
        11
      ],
      [
        5,
        3
      ],
      [
        5,
        4
      ],
      [
        5,
        5
      ],
      [
        5,
        6
      ],
      [
        5,
        7
      ],
      [
        5,
        8
      ],
      [
        5,
        9
      ],
      [
        5,
        10
      ],
      [
        5,
        11
      ],
      [
        6,
        3
      ],
      [
        6,
        4
      ],
      [
        6,
        5
      ],
      [
        6,
        6
      ],
      [
        6,
        7
      ],
      [
        6,
        8
      ],
      [
        6,
        9
      ],
      [
        6,
        10
      ],
      [
        6,
        11
      ],
      [
        7,
        3
      ],
      [
        7,
        4
      ],
      [
        7,
        5
      ],
      [
        7,
        6
      ],
      [
        7,
        7
      ],
      [
        7,
        8
      ],
      [
        7,
        9
      ],
      [
        7,
        10
      ],
      [
        7,
        11
      ],
      [
        8,
        3
      ],
      [
        8,
        4
      ],
      [
        8,
        5
      ],
      [
        8,
        6
      ],
      [
        8,
        7
      ],
      [
        8,
        8
      ],
      [
        8,
        9
      ],
      [
        8,
        10
      ],
      [
        8,
        11
      ],
      [
        9,
        3
      ],
      [
        9,
        4
      ],
      [
        9,
        5
      ],
      [
        9,
        6
      ],
      [
        9,
        7
      ],
      [
        9,
        8
      ],
      [
        9,
        9
      ],
      [
        9,
        10
      ],
      [
        9,
        11
      ],
      [
        10,
        3
      ],
      [
        10,
        4
      ],
      [
        10,
        5
      ],
      [
        10,
        6
      ],
      [
        10,
        7
      ],
      [
        10,
        8
      ],
      [
        10,
        9
      ],
      [
        10,
        10
      ],
      [
        10,
        11
      ],
      [
        11,
        3
      ],
      [
        11,
        4
      ],
      [
        11,
        5
      ],
      [
        11,
        6
      ],
      [
        11,
        7
      ],
      [
        11,
        8
      ],
      [
        11,
        9
      ],
      [
        11,
        10
      ],
      [
        11,
        11
      ]
    ]
  }
]</pre></td></tr><tr><td>Output Objects</td><td><pre>[
  {
    "color": 2,
    "min_row": 0,
    "min_col": 3,
    "max_row": 8,
    "max_col": 11,
    "coords": [
      [
        0,
        3
      ],
      [
        0,
        4
      ],
      [
        0,
        5
      ],
      [
        0,
        6
      ],
      [
        0,
        7
      ],
      [
        0,
        8
      ],
      [
        0,
        9
      ],
      [
        0,
        10
      ],
      [
        0,
        11
      ],
      [
        1,
        3
      ],
      [
        1,
        4
      ],
      [
        1,
        5
      ],
      [
        1,
        6
      ],
      [
        1,
        7
      ],
      [
        1,
        8
      ],
      [
        1,
        9
      ],
      [
        1,
        10
      ],
      [
        1,
        11
      ],
      [
        2,
        3
      ],
      [
        2,
        4
      ],
      [
        2,
        5
      ],
      [
        2,
        6
      ],
      [
        2,
        7
      ],
      [
        2,
        8
      ],
      [
        2,
        9
      ],
      [
        2,
        10
      ],
      [
        2,
        11
      ],
      [
        3,
        3
      ],
      [
        3,
        4
      ],
      [
        3,
        5
      ],
      [
        3,
        6
      ],
      [
        3,
        7
      ],
      [
        3,
        8
      ],
      [
        3,
        9
      ],
      [
        3,
        10
      ],
      [
        3,
        11
      ],
      [
        4,
        3
      ],
      [
        4,
        4
      ],
      [
        4,
        5
      ],
      [
        4,
        6
      ],
      [
        4,
        7
      ],
      [
        4,
        8
      ],
      [
        4,
        9
      ],
      [
        4,
        10
      ],
      [
        4,
        11
      ],
      [
        5,
        3
      ],
      [
        5,
        4
      ],
      [
        5,
        5
      ],
      [
        5,
        6
      ],
      [
        5,
        7
      ],
      [
        5,
        8
      ],
      [
        5,
        9
      ],
      [
        5,
        10
      ],
      [
        5,
        11
      ],
      [
        6,
        3
      ],
      [
        6,
        4
      ],
      [
        6,
        5
      ],
      [
        6,
        6
      ],
      [
        6,
        7
      ],
      [
        6,
        8
      ],
      [
        6,
        9
      ],
      [
        6,
        10
      ],
      [
        6,
        11
      ],
      [
        7,
        3
      ],
      [
        7,
        4
      ],
      [
        7,
        5
      ],
      [
        7,
        6
      ],
      [
        7,
        7
      ],
      [
        7,
        8
      ],
      [
        7,
        9
      ],
      [
        7,
        10
      ],
      [
        7,
        11
      ],
      [
        8,
        3
      ],
      [
        8,
        4
      ],
      [
        8,
        5
      ],
      [
        8,
        6
      ],
      [
        8,
        7
      ],
      [
        8,
        8
      ],
      [
        8,
        9
      ],
      [
        8,
        10
      ],
      [
        8,
        11
      ]
    ]
  },
  {
    "color": 2,
    "min_row": 12,
    "min_col": 6,
    "max_row": 18,
    "max_col": 11,
    "coords": [
      [
        12,
        6
      ],
      [
        12,
        7
      ],
      [
        12,
        8
      ],
      [
        12,
        9
      ],
      [
        12,
        10
      ],
      [
        12,
        11
      ],
      [
        13,
        6
      ],
      [
        13,
        7
      ],
      [
        13,
        8
      ],
      [
        13,
        9
      ],
      [
        13,
        10
      ],
      [
        13,
        11
      ],
      [
        14,
        6
      ],
      [
        14,
        7
      ],
      [
        14,
        8
      ],
      [
        14,
        9
      ],
      [
        14,
        10
      ],
      [
        14,
        11
      ],
      [
        15,
        6
      ],
      [
        15,
        7
      ],
      [
        15,
        8
      ],
      [
        15,
        9
      ],
      [
        15,
        10
      ],
      [
        15,
        11
      ],
      [
        16,
        6
      ],
      [
        16,
        7
      ],
      [
        16,
        8
      ],
      [
        16,
        9
      ],
      [
        16,
        10
      ],
      [
        16,
        11
      ],
      [
        17,
        6
      ],
      [
        17,
        7
      ],
      [
        17,
        8
      ],
      [
        17,
        9
      ],
      [
        17,
        10
      ],
      [
        17,
        11
      ],
      [
        18,
        6
      ],
      [
        18,
        7
      ],
      [
        18,
        8
      ],
      [
        18,
        9
      ],
      [
        18,
        10
      ],
      [
        18,
        11
      ]
    ]
  }
]</pre></td></tr><tr><th colspan='2'>Example 1</th></tr><tr><td>Match</td><td>False</td></tr><tr><td>Input Shape</td><td>(14, 12)</td></tr><tr><td>Output Shape</td><td>(14, 12)</td></tr><tr><td>Dividing Line</td><td>1</td></tr><tr><td>Object at Line</td><td>{'min_row': 1, 'min_col': 1, 'max_row': 3, 'max_col': 3, 'color': 2}</td></tr><tr><td>Input Objects</td><td><pre>[
  {
    "color": 3,
    "min_row": 5,
    "min_col": 3,
    "max_row": 9,
    "max_col": 7,
    "coords": [
      [
        5,
        3
      ],
      [
        5,
        4
      ],
      [
        5,
        5
      ],
      [
        5,
        6
      ],
      [
        5,
        7
      ],
      [
        6,
        3
      ],
      [
        6,
        4
      ],
      [
        6,
        5
      ],
      [
        6,
        6
      ],
      [
        6,
        7
      ],
      [
        7,
        3
      ],
      [
        7,
        4
      ],
      [
        7,
        5
      ],
      [
        7,
        6
      ],
      [
        7,
        7
      ],
      [
        8,
        3
      ],
      [
        8,
        4
      ],
      [
        8,
        5
      ],
      [
        8,
        6
      ],
      [
        8,
        7
      ],
      [
        9,
        3
      ],
      [
        9,
        4
      ],
      [
        9,
        5
      ],
      [
        9,
        6
      ],
      [
        9,
        7
      ]
    ]
  },
  {
    "color": 2,
    "min_row": 1,
    "min_col": 1,
    "max_row": 3,
    "max_col": 3,
    "coords": [
      [
        1,
        1
      ],
      [
        1,
        2
      ],
      [
        1,
        3
      ],
      [
        2,
        1
      ],
      [
        2,
        2
      ],
      [
        2,
        3
      ],
      [
        3,
        1
      ],
      [
        3,
        2
      ],
      [
        3,
        3
      ]
    ]
  }
]</pre></td></tr><tr><td>Output Objects</td><td><pre>[
  {
    "color": 2,
    "min_row": 0,
    "min_col": 1,
    "max_row": 2,
    "max_col": 3,
    "coords": [
      [
        0,
        1
      ],
      [
        0,
        2
      ],
      [
        0,
        3
      ],
      [
        1,
        1
      ],
      [
        1,
        2
      ],
      [
        1,
        3
      ],
      [
        2,
        1
      ],
      [
        2,
        2
      ],
      [
        2,
        3
      ]
    ]
  },
  {
    "color": 3,
    "min_row": 5,
    "min_col": 3,
    "max_row": 9,
    "max_col": 7,
    "coords": [
      [
        5,
        3
      ],
      [
        5,
        4
      ],
      [
        5,
        5
      ],
      [
        5,
        6
      ],
      [
        5,
        7
      ],
      [
        6,
        3
      ],
      [
        6,
        4
      ],
      [
        6,
        5
      ],
      [
        6,
        6
      ],
      [
        6,
        7
      ],
      [
        7,
        3
      ],
      [
        7,
        4
      ],
      [
        7,
        5
      ],
      [
        7,
        6
      ],
      [
        7,
        7
      ],
      [
        8,
        3
      ],
      [
        8,
        4
      ],
      [
        8,
        5
      ],
      [
        8,
        6
      ],
      [
        8,
        7
      ],
      [
        9,
        3
      ],
      [
        9,
        4
      ],
      [
        9,
        5
      ],
      [
        9,
        6
      ],
      [
        9,
        7
      ]
    ]
  }
]</pre></td></tr><tr><th colspan='2'>Example 2</th></tr><tr><td>Match</td><td>False</td></tr><tr><td>Input Shape</td><td>(15, 12)</td></tr><tr><td>Output Shape</td><td>(15, 12)</td></tr><tr><td>Dividing Line</td><td>2</td></tr><tr><td>Object at Line</td><td>{'min_row': 2, 'min_col': 5, 'max_row': 4, 'max_col': 7, 'color': 1}</td></tr><tr><td>Input Objects</td><td><pre>[
  {
    "color": 1,
    "min_row": 2,
    "min_col": 5,
    "max_row": 4,
    "max_col": 7,
    "coords": [
      [
        2,
        5
      ],
      [
        2,
        6
      ],
      [
        2,
        7
      ],
      [
        3,
        5
      ],
      [
        3,
        6
      ],
      [
        3,
        7
      ],
      [
        4,
        5
      ],
      [
        4,
        6
      ],
      [
        4,
        7
      ]
    ]
  },
  {
    "color": 4,
    "min_row": 8,
    "min_col": 2,
    "max_row": 13,
    "max_col": 7,
    "coords": [
      [
        8,
        2
      ],
      [
        8,
        3
      ],
      [
        8,
        4
      ],
      [
        8,
        5
      ],
      [
        8,
        6
      ],
      [
        8,
        7
      ],
      [
        9,
        2
      ],
      [
        9,
        3
      ],
      [
        9,
        4
      ],
      [
        9,
        5
      ],
      [
        9,
        6
      ],
      [
        9,
        7
      ],
      [
        10,
        2
      ],
      [
        10,
        3
      ],
      [
        10,
        4
      ],
      [
        10,
        5
      ],
      [
        10,
        6
      ],
      [
        10,
        7
      ],
      [
        11,
        2
      ],
      [
        11,
        3
      ],
      [
        11,
        4
      ],
      [
        11,
        5
      ],
      [
        11,
        6
      ],
      [
        11,
        7
      ],
      [
        12,
        2
      ],
      [
        12,
        3
      ],
      [
        12,
        4
      ],
      [
        12,
        5
      ],
      [
        12,
        6
      ],
      [
        12,
        7
      ],
      [
        13,
        2
      ],
      [
        13,
        3
      ],
      [
        13,
        4
      ],
      [
        13,
        5
      ],
      [
        13,
        6
      ],
      [
        13,
        7
      ]
    ]
  }
]</pre></td></tr><tr><td>Output Objects</td><td><pre>[
  {
    "color": 1,
    "min_row": 0,
    "min_col": 5,
    "max_row": 2,
    "max_col": 7,
    "coords": [
      [
        0,
        5
      ],
      [
        0,
        6
      ],
      [
        0,
        7
      ],
      [
        1,
        5
      ],
      [
        1,
        6
      ],
      [
        1,
        7
      ],
      [
        2,
        5
      ],
      [
        2,
        6
      ],
      [
        2,
        7
      ]
    ]
  },
  {
    "color": 4,
    "min_row": 8,
    "min_col": 2,
    "max_row": 13,
    "max_col": 7,
    "coords": [
      [
        8,
        2
      ],
      [
        8,
        3
      ],
      [
        8,
        4
      ],
      [
        8,
        5
      ],
      [
        8,
        6
      ],
      [
        8,
        7
      ],
      [
        9,
        2
      ],
      [
        9,
        3
      ],
      [
        9,
        4
      ],
      [
        9,
        5
      ],
      [
        9,
        6
      ],
      [
        9,
        7
      ],
      [
        10,
        2
      ],
      [
        10,
        3
      ],
      [
        10,
        4
      ],
      [
        10,
        5
      ],
      [
        10,
        6
      ],
      [
        10,
        7
      ],
      [
        11,
        2
      ],
      [
        11,
        3
      ],
      [
        11,
        4
      ],
      [
        11,
        5
      ],
      [
        11,
        6
      ],
      [
        11,
        7
      ],
      [
        12,
        2
      ],
      [
        12,
        3
      ],
      [
        12,
        4
      ],
      [
        12,
        5
      ],
      [
        12,
        6
      ],
      [
        12,
        7
      ],
      [
        13,
        2
      ],
      [
        13,
        3
      ],
      [
        13,
        4
      ],
      [
        13,
        5
      ],
      [
        13,
        6
      ],
      [
        13,
        7
      ]
    ]
  }
]</pre></td></tr></table>