Green Regions: [[(5, 3), (5, 4), (5, 5), (5, 6), (5, 7), (5, 8), (5, 9), (5, 10), (5, 11), (5, 12), (6, 3), (6, 4), (6, 5), (6, 6), (6, 7), (6, 8), (6, 9), (6, 10), (6, 11), (7, 3), (7, 4), (7, 5), (7, 6), (7, 7), (7, 8), (7, 9), (7, 10), (8, 3), (8, 4), (8, 5), (8, 6), (8, 7), (8, 8), (8, 9)]]
Structure: [(2, 2), (2, 3), (2, 4), (3, 2), (3, 3), (3, 4), (4, 2), (4, 3), (4, 4)]
Moved Structure: [(6, 3), (6, 4), (6, 5), (7, 3), (7, 4), (7, 5), (8, 3), (8, 4), (8, 5)]
Border Pixels: [(5, 3), (5, 4), (5, 5), (5, 6), (5, 7), (5, 8), (5, 9), (5, 10), (5, 11), (5, 12), (6, 12), (7, 10), (8, 9), (8, 8), (8, 7), (8, 6), (8, 5), (8, 4), (8, 3), (7, 3), (6, 3)]
Input Grid:
[[4 4 4 4 4 4 4 4 4 4 4 4 0 0]
 [4 4 4 4 4 4 4 4 4 4 4 0 0 0]
 [4 4 5 6 4 4 4 4 4 4 0 0 0 0]
 [4 4 5 5 6 4 4 4 4 0 0 0 0 0]
 [4 4 4 5 6 4 4 4 4 0 0 0 0 0]
 [4 4 4 3 3 3 3 3 3 3 3 3 3 0]
 [4 4 4 3 3 3 3 3 3 3 3 3 0 0]
 [4 4 4 3 3 3 3 3 3 3 3 0 0 0]
 [4 4 4 3 3 3 3 3 3 3 0 0 0 0]]
Output Grid:
[[4 4 4 4 4 4 4 4 4 4 4 4 0 0]
 [4 4 4 4 4 4 4 4 4 4 4 0 0 0]
 [4 4 5 6 4 4 4 4 4 4 0 0 0 0]
 [4 4 5 5 6 4 4 4 4 0 0 0 0 0]
 [4 4 4 5 6 4 4 4 4 0 0 0 0 0]
 [4 4 4 5 5 5 5 5 5 5 5 5 5 0]
 [4 4 4 5 5 5 5 5 5 5 5 5 0 0]
 [4 4 4 5 5 5 5 5 5 5 5 0 0 0]
 [4 4 4 5 5 5 5 5 5 5 0 0 0 0]]
Result Grid:
[[4 4 4 4 4 4 4 4 4 4 4 4 0 0]
 [4 4 4 4 4 4 4 4 4 4 4 0 0 0]
 [4 4 5 6 4 4 4 4 4 4 0 0 0 0]
 [4 4 5 5 6 4 4 4 4 0 0 0 0 0]
 [4 4 4 5 6 4 4 4 4 0 0 0 0 0]
 [4 4 4 5 5 5 5 5 5 5 5 5 5 5]
 [4 4 4 5 5 5 5 5 5 5 5 5 5 5]
 [4 4 4 5 5 5 5 5 5 5 5 5 5 5]
 [4 4 4 5 5 5 5 5 5 5 5 5 5 5]]
Differences (Output vs. Result):
(array([5, 5, 5, 5, 6, 6, 6, 7, 7]), array([12, 13, 14, 15, 12, 13, 14, 11, 12]))
---