Green Regions: [[(6, 3), (6, 4), (6, 5), (6, 6), (6, 7), (6, 8), (6, 9), (6, 10), (6, 11), (6, 12), (7, 3), (7, 4), (7, 5), (7, 6), (7, 7), (7, 8), (7, 9), (7, 10), (7, 11), (7, 12), (8, 3), (8, 4), (8, 5), (8, 6), (8, 7), (8, 8), (8, 9), (8, 10), (8, 11), (8, 12), (9, 3), (9, 4), (9, 5), (9, 6), (9, 7), (9, 8), (9, 9), (9, 10), (9, 11), (9, 12)]]
Structure: [(3, 2), (3, 3), (3, 4), (4, 2), (4, 3), (4, 4), (5, 2), (5, 3), (5, 4)]
Moved Structure: [(7, 3), (7, 4), (7, 5), (8, 3), (8, 4), (8, 5), (9, 3), (9, 4), (9, 5)]
Border Pixels: [(6, 3), (6, 4), (6, 5), (6, 6), (6, 7), (6, 8), (6, 9), (6, 10), (6, 11), (6, 12), (7, 12), (8, 12), (9, 12), (9, 11), (9, 10), (9, 9), (9, 8), (9, 7), (9, 6), (9, 5), (9, 4), (9, 3), (8, 3), (7, 3)]
Input Grid:
[[4 4 4 4 4 4 4 4 4 4 0 0 0 0]
 [4 4 4 4 4 4 4 4 4 4 0 0 0 0]
 [4 4 4 4 4 4 4 4 4 4 4 0 0 0]
 [4 4 5 6 4 4 4 4 4 4 4 0 0 0]
 [4 4 5 5 6 4 4 4 4 4 4 0 0 0]
 [4 4 1 5 6 4 4 4 4 4 4 0 0 0]
 [4 4 4 3 3 3 3 3 3 3 3 3 3 3]
 [4 4 4 3 3 3 3 3 3 3 3 3 3 3]
 [4 4 4 3 3 3 3 3 3 3 3 3 3 3]
 [4 4 4 3 3 3 3 3 3 3 3 3 3 3]]
Output Grid:
[[4 4 4 4 4 4 4 4 4 4 0 0 0 0]
 [4 4 4 4 4 4 4 4 4 4 0 0 0 0]
 [4 4 4 4 4 4 4 4 4 4 4 0 0 0]
 [4 4 4 4 4 4 4 4 4 4 4 0 0 0]
 [4 4 4 4 4 4 4 4 4 4 4 0 0 0]
 [4 4 4 4 4 4 4 4 4 4 4 0 0 0]
 [4 4 4 5 5 5 5 5 5 5 5 5 5 5]
 [4 4 4 5 5 5 5 5 5 5 5 5 5 5]
 [4 4 4 5 5 5 5 5 5 5 5 5 5 5]
 [4 4 4 5 5 5 5 5 5 5 5 5 5 5]]
Result Grid:
[[4 4 4 4 4 4 4 4 4 4 0 0 0 0]
 [4 4 4 4 4 4 4 4 4 4 0 0 0 0]
 [4 4 4 4 4 4 4 4 4 4 4 0 0 0]
 [4 4 5 6 4 4 4 4 4 4 4 0 0 0]
 [4 4 5 5 6 4 4 4 4 4 4 0 0 0]
 [4 4 1 5 6 4 4 4 4 4 4 0 0 0]
 [4 4 4 5 5 5 5 5 5 5 5 5 5 5]
 [4 4 4 5 5 5 5 5 5 5 5 5 5 5]
 [4 4 4 5 5 5 5 5 5 5 5 5 5 5]
 [4 4 4 5 5 5 5 5 5 5 5 5 5 5]]
Differences (Output vs. Result):
(array([3, 3, 3, 4, 4, 4, 5, 5, 5]), array([2, 3, 4, 2, 3, 4, 2, 3, 4]))
---