Example 1 - Input
[0, 0, 0, 0, 0, 0, 0, 0, 0, 0]
[0, 0, 0, 0, 0, 0, 0, 0, 0, 0]
[0, 0, 0, 0, 0, 0, 0, 0, 0, 2]
[0, 0, 0, 0, 0, 0, 0, 0, 0, 0]
[0, 0, 0, 0, 0, 0, 0, 0, 0, 0]
[0, 0, 0, 0, 0, 0, 0, 0, 2, 2]
[0, 0, 0, 0, 0, 0, 0, 2, 2, 2]
[0, 0, 0, 0, 0, 0, 2, 2, 2, 2]
[0, 0, 0, 0, 0, 0, 2, 2, 2, 2]
[0, 0, 0, 0, 0, 2, 2, 2, 2, 2]
--------------------
Example 1 - Output
[0, 0, 0, 0, 0, 0, 0, 0, 0, 0]
[0, 0, 0, 0, 0, 0, 0, 0, 0, 3]
[0, 0, 0, 0, 0, 0, 0, 0, 3, 3]
[0, 0, 0, 0, 0, 0, 3, 3, 3, 3]
[0, 0, 0, 0, 0, 3, 3, 3, 3, 3]
--------------------
Example 2 - Input
[0, 0, 0, 0, 0, 0, 0, 0, 0, 0]
[0, 0, 0, 0, 0, 0, 0, 0, 0, 2]
[0, 0, 0, 0, 0, 0, 0, 0, 2, 2]
[0, 0, 0, 0, 0, 0, 0, 2, 2, 2]
[0, 0, 0, 0, 0, 0, 2, 2, 2, 2]
[0, 0, 0, 0, 0, 2, 2, 2, 2, 2]
[0, 0, 0, 0, 2, 2, 2, 2, 2, 2]
[0, 0, 0, 2, 2, 2, 2, 2, 2, 2]
[0, 0, 2, 2, 2, 2, 2, 2, 2, 2]
[0, 2, 2, 2, 2, 2, 2, 2, 2, 2]
--------------------
Example 2 - Output
[0, 0, 0, 0, 0, 0, 0, 0, 0, 3]
[0, 0, 0, 0, 0, 0, 3, 3, 3, 3]
[0, 0, 0, 0, 3, 3, 3, 3, 3, 3]
[0, 0, 3, 3, 3, 3, 3, 3, 3, 3]
[0, 3, 3, 3, 3, 3, 3, 3, 3, 3]
--------------------
Example 3 - Input
[0, 0, 0, 0, 0, 0, 0, 0, 0, 0]
[0, 0, 0, 0, 0, 0, 0, 0, 0, 2]
[0, 0, 0, 0, 0, 0, 0, 0, 2, 0]
[0, 0, 0, 0, 0, 0, 0, 2, 0, 0]
[0, 0, 0, 0, 0, 0, 2, 0, 0, 0]
[0, 0, 0, 0, 0, 2, 0, 0, 0, 0]
[0, 0, 0, 0, 2, 0, 0, 0, 0, 0]
[0, 0, 0, 2, 0, 0, 0, 0, 0, 0]
[0, 0, 2, 0, 0, 0, 0, 0, 0, 0]
[0, 2, 0, 0, 0, 0, 0, 0, 0, 0]
--------------------
Example 3 - Output
[0, 0, 0, 0, 0, 0, 0, 0, 0, 3]
[0, 0, 0, 0, 0, 0, 0, 3, 0, 0]
[0, 0, 0, 0, 0, 3, 0, 0, 0, 0]
[0, 0, 0, 3, 0, 0, 0, 0, 0, 0]
[0, 3, 0, 0, 0, 0, 0, 0, 0, 0]
--------------------
Example 4 - Input
[2, 0, 0, 0, 0, 0, 0, 0, 0, 0]
[0, 2, 0, 0, 0, 0, 0, 0, 0, 0]
[0, 0, 2, 0, 0, 0, 0, 0, 0, 0]
[0, 0, 0, 2, 0, 0, 0, 0, 0, 0]
[0, 0, 0, 0, 2, 0, 0, 0, 0, 0]
[0, 0, 0, 0, 0, 2, 0, 0, 0, 0]
[0, 0, 0, 0, 0, 0, 2, 0, 0, 0]
[0, 0, 0, 0, 0, 0, 0, 2, 0, 0]
[0, 0, 0, 0, 0, 0, 0, 0, 2, 0]
[0, 0, 0, 0, 0, 0, 0, 0, 0, 2]
--------------------
Example 4 - Output
[3, 3, 3, 3, 3, 3, 3, 3, 3, 3]
--------------------
Example 5 - Input
[0, 0, 0, 0, 2, 2, 0, 0, 0, 0]
[0, 0, 0, 2, 0, 0, 2, 0, 0, 0]
[0, 0, 2, 0, 0, 0, 0, 2, 0, 0]
[0, 2, 0, 0, 0, 0, 0, 0, 2, 0]
[2, 0, 0, 0, 0, 0, 0, 0, 0, 2]
[2, 2, 2, 2, 2, 2, 2, 2, 2, 2]
[0, 0, 0, 0, 2, 2, 0, 0, 0, 0]
[0, 0, 0, 2, 0, 0, 2, 0, 0, 0]
[0, 0, 2, 0, 0, 0, 0, 2, 0, 0]
[0, 2, 0, 0, 0, 0, 0, 0, 2, 0]
--------------------
Example 5 - Output
[0, 0, 0, 3, 3, 3, 3, 0, 0, 0]
[0, 3, 3, 0, 0, 0, 0, 3, 3, 0]
[3, 3, 3, 3, 3, 3, 3, 3, 3, 3]
[0, 0, 0, 3, 3, 3, 3, 0, 0, 0]
[0, 3, 3, 0, 0, 0, 0, 3, 3, 0]
--------------------