import numpy as np

def describe_example(input_grid, output_grid):
    input_grid = np.array(input_grid)
    output_grid = np.array(output_grid)

    def find_yellow_row(grid):
        for i, row in enumerate(grid):
            if all(pixel == 4 for pixel in row):
                return i
        return -1

    yellow_row_index = find_yellow_row(input_grid)
    has_yellow_row = yellow_row_index != -1

    input_colors = set(input_grid.flatten())
    output_colors = set(output_grid.flatten())

    output_height = output_grid.shape[0]
    input_height = input_grid.shape[0]

    print(f"  Yellow Row Present: {has_yellow_row}")
    print(f"  Yellow Row Index: {yellow_row_index if has_yellow_row else 'N/A'}")
    print(f"  Input Colors: {input_colors}")
    print(f"  Output Colors: {output_colors}")
    print(f" input height: {input_height}")
    print(f" output height: {output_height}")

# load from the prompt
tasks = [
    {
        "train": [
            {
                "input": [[0, 0, 0, 0, 0, 0, 0, 0, 0], [0, 0, 0, 0, 0, 0, 0, 0, 0], [0, 0, 0, 0, 0, 0, 0, 0, 0], [0, 0, 0, 0, 0, 0, 0, 0, 0], [0, 0, 0, 0, 4, 0, 0, 0, 0], [0, 0, 0, 0, 4, 0, 0, 0, 0], [0, 0, 0, 0, 4, 0, 0, 0, 0], [0, 0, 0, 0, 4, 0, 0, 0, 0], [0, 0, 0, 0, 4, 0, 0, 0, 0], [0, 0, 0, 0, 4, 0, 0, 0, 0], [0, 0, 0, 0, 0, 0, 0, 0, 0], [0, 0, 0, 0, 2, 0, 0, 0, 0], [0, 0, 0, 0, 2, 0, 0, 0, 0], [0, 0, 0, 0, 2, 0, 0, 0, 0], [0, 0, 0, 0, 2, 0, 0, 0, 0]],
                "output": [[0, 0, 0, 0, 0, 0, 0, 0, 0], [0, 0, 0, 0, 0, 0, 0, 0, 0], [0, 0, 0, 0, 0, 0, 0, 0, 0], [0, 0, 0, 0, 3, 0, 0, 0, 0], [0, 0, 0, 0, 3, 0, 0, 0, 0], [0, 0, 0, 0, 3, 0, 0, 0, 0], [0, 0, 0, 0, 3, 0, 0, 0, 0]],
            },
            {
                "input": [[0, 0, 0, 0, 0, 0, 0, 0, 0], [0, 0, 0, 0, 0, 0, 0, 0, 0], [0, 0, 0, 0, 0, 0, 0, 0, 0], [0, 0, 0, 0, 0, 0, 0, 0, 0], [0, 0, 0, 0, 5, 0, 0, 0, 0], [0, 0, 0, 0, 5, 0, 0, 0, 0], [0, 0, 0, 0, 5, 0, 0, 0, 0], [0, 0, 0, 0, 5, 0, 0, 0, 0], [0, 0, 0, 0, 5, 0, 0, 0, 0], [0, 0, 0, 0, 5, 0, 0, 0, 0], [0, 0, 0, 0, 0, 0, 0, 0, 0], [0, 0, 0, 0, 2, 0, 0, 0, 0], [0, 0, 0, 0, 2, 0, 0, 0, 0], [0, 0, 0, 0, 2, 0, 0, 0, 0], [0, 0, 0, 0, 2, 0, 0, 0, 0]],
                "output": [[0, 0, 0, 0, 0, 0, 0, 0, 0], [0, 0, 0, 0, 0, 0, 0, 0, 0], [0, 0, 0, 0, 0, 0, 0, 0, 0], [0, 0, 0, 0, 5, 0, 0, 0, 0], [0, 0, 0, 0, 5, 0, 0, 0, 0], [0, 0, 0, 0, 5, 0, 0, 0, 0], [0, 0, 0, 0, 5, 0, 0, 0, 0], [0, 0, 0, 0, 0, 0, 0, 0, 0], [0, 0, 0, 0, 3, 0, 0, 0, 0], [0, 0, 0, 0, 3, 0, 0, 0, 0], [0, 0, 0, 0, 3, 0, 0, 0, 0], [0, 0, 0, 0, 3, 0, 0, 0, 0]],
            },
            {
                "input": [[0, 0, 0, 0, 0, 0, 0, 0, 0], [0, 0, 0, 0, 0, 0, 0, 0, 0], [0, 0, 0, 0, 0, 0, 0, 0, 0], [0, 0, 0, 0, 0, 0, 0, 0, 0], [0, 0, 0, 0, 0, 0, 0, 0, 0], [0, 0, 0, 0, 0, 0, 0, 0, 0], [0, 0, 0, 0, 2, 0, 0, 0, 0], [0, 0, 0, 0, 2, 0, 0, 0, 0], [0, 0, 0, 0, 2, 0, 0, 0, 0], [0, 0, 0, 0, 2, 0, 0, 0, 0]],
                "output": [[0, 0, 0, 0, 0, 0, 0, 0, 0], [0, 0, 0, 0, 0, 0, 0, 0, 0], [0, 0, 0, 0, 0, 0, 0, 0, 0], [0, 0, 0, 0, 3, 0, 0, 0, 0], [0, 0, 0, 0, 3, 0, 0, 0, 0], [0, 0, 0, 0, 3, 0, 0, 0, 0], [0, 0, 0, 0, 3, 0, 0, 0, 0]],
            }
        ],
        "test": [
            {
                "input": [[0, 0, 0, 0, 0, 0, 0, 0, 0], [0, 0, 0, 0, 0, 0, 0, 0, 0], [0, 0, 0, 0, 0, 0, 0, 0, 0], [0, 0, 0, 0, 0, 0, 0, 0, 0], [0, 0, 0, 0, 7, 0, 0, 0, 0], [0, 0, 0, 0, 7, 0, 0, 0, 0], [0, 0, 0, 0, 0, 0, 0, 0, 0], [0, 0, 0, 0, 2, 0, 0, 0, 0], [0, 0, 0, 0, 2, 0, 0, 0, 0], [0, 0, 0, 0, 2, 0, 0, 0, 0], [0, 0, 0, 0, 2, 0, 0, 0, 0]],
                "output": [[0, 0, 0, 0, 0, 0, 0, 0, 0], [0, 0, 0, 0, 0, 0, 0, 0, 0], [0, 0, 0, 0, 0, 0, 0, 0, 0], [0, 0, 0, 0, 3, 0, 0, 0, 0], [0, 0, 0, 0, 3, 0, 0, 0, 0], [0, 0, 0, 0, 3, 0, 0, 0, 0], [0, 0, 0, 0, 3, 0, 0, 0, 0]],
            }
        ]
    }
]

for i, example in enumerate(tasks[0]['train']):
    print(f"Example {i+1}:")
    describe_example(example['input'], example['output'])
    print("-" * 20)

print("Test Input")
describe_example(tasks[0]['test'][0]['input'],tasks[0]['test'][0]['output'])
