Example 1:
Input Grid:
[
  [0, 0, 0, 0, 0, 0, 0, 0, 0],
  [0, 0, 0, 0, 0, 0, 0, 0, 0],
  [0, 0, 0, 0, 6, 0, 0, 0, 0],
  [0, 0, 0, 0, 0, 0, 0, 0, 0],
  [0, 0, 0, 0, 0, 0, 0, 0, 0],
]
Output Grid:
[
  [4, 4, 4, 4, 4, 4, 4, 4, 4],
  [0, 0, 0, 0, 0, 0, 0, 0, 0],
  [0, 0, 0, 0, 6, 0, 0, 0, 0],
  [0, 0, 0, 0, 0, 0, 0, 0, 0],
  [4, 4, 4, 4, 4, 4, 4, 4, 4],
]
Predicted Output Grid:
[
  [4, 4, 4, 4, 4, 4, 4, 4, 4],
  [4, 4, 4, 4, 4, 4, 4, 4, 4],
  [4, 4, 4, 4, 6, 4, 4, 4, 4],
  [4, 4, 4, 4, 4, 4, 4, 4, 4],
  [4, 4, 4, 4, 4, 4, 4, 4, 4],
]
Metrics: {'accuracy': 0.4, 'input_white_pixels': 44, 'input_magenta_pixels': 1, 'input_yellow_pixels': 0, 'output_yellow_pixels': 18, 'rows': 5, 'cols': 9}
------------------------------
Example 2:
Input Grid:
[
  [0, 0, 0, 0, 0, 0, 0, 0, 0, 0, 0, 0, 0],
  [0, 0, 0, 0, 0, 0, 0, 0, 0, 0, 0, 0, 0],
  [0, 0, 0, 0, 0, 0, 0, 0, 0, 0, 0, 0, 0],
  [0, 0, 0, 6, 0, 0, 0, 0, 0, 0, 0, 0, 0],
]
Output Grid:
[
  [4, 4, 4, 4, 4, 4, 4, 4, 4, 4, 4, 4, 4],
  [0, 0, 0, 0, 0, 0, 0, 0, 0, 0, 0, 0, 0],
  [0, 0, 0, 0, 0, 0, 0, 0, 0, 0, 0, 0, 0],
  [0, 0, 0, 6, 0, 0, 0, 0, 0, 0, 0, 0, 0],
]
Predicted Output Grid:
[
  [4, 4, 4, 4, 4, 4, 4, 4, 4, 4, 4, 4, 4],
  [4, 4, 4, 4, 4, 4, 4, 4, 4, 4, 4, 4, 4],
  [4, 4, 4, 4, 4, 4, 4, 4, 4, 4, 4, 4, 4],
  [4, 4, 4, 6, 4, 4, 4, 4, 4, 4, 4, 4, 4],
]
Metrics: {'accuracy': 0.38461538461538464, 'input_white_pixels': 51, 'input_magenta_pixels': 1, 'input_yellow_pixels': 0, 'output_yellow_pixels': 13, 'rows': 4, 'cols': 13}
------------------------------
Example 3:
Input Grid:
[
  [0, 0, 0, 0, 0, 0, 0, 0],
  [0, 0, 0, 0, 0, 0, 6, 0],
  [0, 0, 0, 0, 0, 0, 0, 0],
  [0, 0, 0, 0, 0, 0, 0, 0],
  [0, 0, 0, 0, 0, 0, 0, 0],
]
Output Grid:
[
  [4, 4, 4, 4, 4, 4, 4, 4],
  [0, 0, 0, 0, 0, 0, 6, 0],
  [4, 4, 4, 4, 4, 4, 4, 4],
  [0, 0, 0, 0, 0, 0, 0, 0],
  [0, 0, 0, 0, 0, 0, 0, 0],
]
Predicted Output Grid:
[
  [4, 4, 4, 4, 4, 4, 4, 4],
  [4, 4, 4, 4, 4, 4, 6, 4],
  [4, 4, 4, 4, 4, 4, 4, 4],
  [4, 4, 4, 4, 4, 4, 4, 4],
  [4, 4, 4, 4, 4, 4, 4, 4],
]
Metrics: {'accuracy': 0.4, 'input_white_pixels': 39, 'input_magenta_pixels': 1, 'input_yellow_pixels': 0, 'output_yellow_pixels': 16, 'rows': 5, 'cols': 8}
------------------------------
Example 4:
Input Grid:
[
  [6, 0, 0, 0, 0],
  [0, 0, 0, 0, 0],
  [0, 0, 0, 0, 0],
  [0, 0, 0, 0, 0],
  [0, 0, 0, 0, 0],
]
Output Grid:
[
  [6, 4, 4, 4, 4],
  [4, 4, 4, 4, 4],
  [0, 0, 0, 0, 0],
  [0, 0, 0, 0, 0],
  [0, 0, 0, 0, 0],
]
Predicted Output Grid:
[
  [6, 4, 4, 4, 4],
  [4, 4, 4, 4, 4],
  [4, 4, 4, 4, 4],
  [4, 4, 4, 4, 4],
  [4, 4, 4, 4, 4],
]
Metrics: {'accuracy': 0.6, 'input_white_pixels': 24, 'input_magenta_pixels': 1, 'input_yellow_pixels': 0, 'output_yellow_pixels': 9, 'rows': 5, 'cols': 5}
------------------------------