import numpy as np

def describe_grid(grid):
    shape = grid.shape
    unique_colors = np.unique(grid)
    return shape, unique_colors

examples = [
  {
        "input": [[0, 7, 0], [7, 7, 7], [0, 7, 0]],
        "output": [[0, 0, 0, 0, 7, 7, 0, 7, 7], [0, 0, 0, 0, 7, 7, 0, 7, 7], [0, 0, 0, 0, 7, 7, 0, 7, 7], [0, 0, 0, 0, 7, 7, 0, 7, 7], [0, 0, 0, 0, 7, 7, 0, 7, 7], [0, 0, 0, 0, 7, 7, 0, 7, 7], [0, 0, 0, 0, 7, 7, 0, 7, 7], [0, 0, 0, 0, 7, 7, 0, 7, 7], [0, 0, 0, 0, 7, 7, 0, 7, 7]]
    },
    {
        "input": [[2, 0], [0, 2]],
        "output": [[0, 0, 0, 0, 0, 2, 2, 2, 2, 2], [0, 0, 0, 0, 0, 2, 2, 2, 2, 2], [0, 0, 0, 0, 0, 2, 2, 2, 2, 2], [0, 0, 0, 0, 0, 2, 2, 2, 2, 2], [0, 0, 0, 0, 0, 2, 2, 2, 2, 2], [0, 0, 0, 0, 0, 2, 2, 2, 2, 2], [0, 0, 0, 0, 0, 2, 2, 2, 2, 2], [0, 0, 0, 0, 0, 2, 2, 2, 2, 2], [0, 0, 0, 0, 0, 2, 2, 2, 2, 2], [0, 0, 0, 0, 0, 2, 2, 2, 2, 2]]
    },
    {
        "input": [[6, 0, 0, 6], [0, 6, 6, 0], [0, 6, 6, 0], [6, 0, 0, 6]],
        "output": [[0, 0, 0, 6, 6, 6, 6, 6, 6, 6, 6, 6], [0, 0, 0, 6, 6, 6, 6, 6, 6, 6, 6, 6], [0, 0, 0, 6, 6, 6, 6, 6, 6, 6, 6, 6], [0, 0, 0, 6, 6, 6, 6, 6, 6, 6, 6, 6], [0, 0, 0, 6, 6, 6, 6, 6, 6, 6, 6, 6], [0, 0, 0, 6, 6, 6, 6, 6, 6, 6, 6, 6], [0, 0, 0, 6, 6, 6, 6, 6, 6, 6, 6, 6], [0, 0, 0, 6, 6, 6, 6, 6, 6, 6, 6, 6], [0, 0, 0, 6, 6, 6, 6, 6, 6, 6, 6, 6], [0, 0, 0, 6, 6, 6, 6, 6, 6, 6, 6, 6], [0, 0, 0, 6, 6, 6, 6, 6, 6, 6, 6, 6], [0, 0, 0, 6, 6, 6, 6, 6, 6, 6, 6, 6]]
    }
]

for i, example in enumerate(examples):
    input_shape, input_colors = describe_grid(np.array(example["input"]))
    output_shape, output_colors = describe_grid(np.array(example["output"]))
    print(f"Example {i+1}:")
    print(f"  Input: Shape={input_shape}, Colors={input_colors}")
    print(f"  Output: Shape={output_shape}, Colors={output_colors}")
    print("---")