```json
[
    {
        "example_index": 0,
        "input_grid": [
            [
                5,
                5,
                5
            ],
            [
                5,
                5,
                5
            ],
            [
                5,
                5,
                5
            ]
        ],
        "expected_output": [
            [
                5,
                5,
                5,
                5,
                5,
                5,
                5,
                5,
                5
            ],
            [
                5,
                5,
                5,
                0,
                0,
                0,
                0,
                0,
                0
            ],
            [
                5,
                5,
                5,
                5,
                5,
                5,
                5,
                5,
                5
            ],
            [
                5,
                5,
                5,
                0,
                0,
                0,
                0,
                0,
                0
            ],
            [
                0,
                0,
                0,
                0,
                0,
                0,
                0,
                0,
                0
            ],
            [
                0,
                0,
                0,
                0,
                0,
                0,
                0,
                0,
                0
            ],
            [
                5,
                5,
                5,
                5,
                5,
                5,
                5,
                5,
                5
            ],
            [
                0,
                0,
                0,
                0,
                0,
                0,
                0,
                0,
                0
            ],
            [
                5,
                5,
                5,
                5,
                5,
                5,
                5,
                5,
                5
            ]
        ],
        "actual_output": [
            [
                5,
                5,
                5,
                5,
                5,
                5,
                5,
                5,
                5
            ],
            [
                5,
                5,
                5,
                0,
                0,
                0,
                0,
                0,
                0
            ],
            [
                5,
                5,
                5,
                5,
                5,
                5,
                5,
                5,
                0
            ],
            [
                0,
                0,
                0,
                0,
                0,
                0,
                0,
                0,
                0
            ],
            [
                0,
                0,
                0,
                0,
                0,
                0,
                0,
                0,
                0
            ],
            [
                0,
                0,
                0,
                0,
                0,
                0,
                0,
                0,
                0
            ],
            [
                5,
                5,
                5,
                5,
                5,
                5,
                0,
                5,
                5
            ],
            [
                0,
                0,
                0,
                0,
                0,
                0,
                0,
                0,
                0
            ],
            [
                5,
                5,
                5,
                0,
                5,
                5,
                0,
                5,
                5
            ]
        ],
        "diff_count": 6
    },
    {
        "example_index": 1,
        "input_grid": [
            [
                1,
                2,
                3
            ],
            [
                4,
                5,
                6
            ],
            [
                7,
                8,
                9
            ]
        ],
        "expected_output": [
            [
                1,
                2,
                3,
                1,
                2,
                3,
                1,
                2,
                3
            ],
            [
                4,
                5,
                6,
                0,
                0,
                0,
                0,
                0,
                0
            ],
            [
                7,
                8,
                9,
                4,
                5,
                6,
                7,
                8,
                9
            ],
            [
                1,
                2,
                3,
                0,
                0,
                0,
                0,
                0,
                0
            ],
            [
                0,
                0,
                0,
                0,
                0,
                0,
                0,
                0,
                0
            ],
            [
                0,
                0,
                0,
                0,
                0,
                0,
                0,
                0,
                0
            ],
            [
                1,
                2,
                3,
                1,
                2,
                3,
                1,
                2,
                3
            ],
            [
                4,
                5,
                6,
                0,
                0,
                0,
                0,
                0,
                0
            ],
            [
                7,
                8,
                9,
                4,
                5,
                6,
                7,
                8,
                9
            ]
        ],
        "actual_output": [
            [
                1,
                2,
                3,
                1,
                2,
                3,
                1,
                2,
                3
            ],
            [
                4,
                5,
                6,
                0,
                0,
                0,
                0,
                0,
                0
            ],
            [
                7,
                8,
                9,
                5,
                6,
                0,
                6,
                0,
                0
            ],
            [
                0,
                0,
                0,
                0,
                0,
                0,
                0,
                0,
                0
            ],
            [
                0,
                0,
                0,
                0,
                0,
                0,
                0,
                0,
                0
            ],
            [
                0,
                0,
                0,
                0,
                0,
                0,
                0,
                0,
                0
            ],
            [
                1,
                2,
                3,
                1,
                2,
                3,
                0,
                8,
                9
            ],
            [
                0,
                0,
                0,
                0,
                0,
                0,
                0,
                0,
                0
            ],
            [
                7,
                8,
                9,
                0,
                8,
                9,
                0,
                8,
                9
            ]
        ],
        "diff_count": 15
    },
    {
        "example_index": 2,
        "input_grid": [
            [
                0,
                1,
                2
            ],
            [
                3,
                4,
                5
            ],
            [
                6,
                7,
                8
            ]
        ],
        "expected_output": [
            [
                0,
                1,
                2,
                0,
                1,
                2,
                0,
                1,
                2
            ],
            [
                3,
                4,
                5,
                0,
                0,
                0,
                0,
                0,
                0
            ],
            [
                6,
                7,
                8,
                3,
                4,
                5,
                6,
                7,
                8
            ],
            [
                0,
                1,
                2,
                0,
                0,
                0,
                0,
                0,
                0
            ],
            [
                0,
                0,
                0,
                0,
                0,
                0,
                0,
                0,
                0
            ],
            [
                0,
                0,
                0,
                0,
                0,
                0,
                0,
                0,
                0
            ],
            [
                0,
                1,
                2,
                0,
                1,
                2,
                0,
                1,
                2
            ],
            [
                3,
                4,
                5,
                0,
                0,
                0,
                0,
                0,
                0
            ],
            [
                6,
                7,
                8,
                3,
                4,
                5,
                6,
                7,
                8
            ]
        ],
        "actual_output": [
            [
                0,
                1,
                2,
                0,
                1,
                2,
                0,
                1,
                2
            ],
            [
                3,
                4,
                5,
                0,
                0,
                0,
                0,
                0,
                0
            ],
            [
                6,
                7,
                8,
                4,
                5,
                0,
                5,
                0,
                0
            ],
            [
                0,
                0,
                0,
                0,
                0,
                0,
                0,
                0,
                0
            ],
            [
                0,
                0,
                0,
                0,
                0,
                0,
                0,
                0,
                0
            ],
            [
                0,
                0,
                0,
                0,
                0,
                0,
                0,
                0,
                0
            ],
            [
                0,
                1,
                2,
                0,
                1,
                2,
                0,
                7,
                8
            ],
            [
                0,
                0,
                0,
                0,
                0,
                0,
                0,
                0,
                0
            ],
            [
                6,
                7,
                8,
                0,
                7,
                8,
                0,
                7,
                8
            ]
        ],
        "diff_count": 15
    },
    {
        "example_index": 3,
        "input_grid": [
            [
                9,
                9,
                9
            ],
            [
                9,
                8,
                9
            ],
            [
                9,
                9,
                9
            ]
        ],
        "expected_output": [
            [
                9,
                9,
                9,
                9,
                9,
                9,
                9,
                9,
                9
            ],
            [
                9,
                8,
                9,
                0,
                0,
                0,
                0,
                0,
                0
            ],
            [
                9,
                9,
                9,
                9,
                8,
                9,
                9,
                9,
                9
            ],
            [
                9,
                9,
                9,
                0,
                0,
                0,
                0,
                0,
                0
            ],
            [
                0,
                0,
                0,
                0,
                0,
                0,
                0,
                0,
                0
            ],
            [
                0,
                0,
                0,
                0,
                0,
                0,
                0,
                0,
                0
            ],
            [
                9,
                9,
                9,
                9,
                9,
                9,
                9,
                9,
                9
            ],
            [
                9,
                8,
                9,
                0,
                0,
                0,
                0,
                0,
                0
            ],
            [
                9,
                9,
                9,
                9,
                8,
                9,
                9,
                9,
                9
            ]
        ],
        "actual_output": [
            [
                9,
                9,
                9,
                9,
                9,
                9,
                9,
                9,
                9
            ],
            [
                9,
                8,
                9,
                0,
                0,
                0,
                0,
                0,
                0
            ],
            [
                9,
                9,
                9,
                8,
                9,
                0,
                9,
                0,
                0
            ],
            [
                0,
                0,
                0,
                0,
                0,
                0,
                0,
                0,
                0
            ],
            [
                0,
                0,
                0,
                0,
                0,
                0,
                0,
                0,
                0
            ],
            [
                0,
                0,
                0,
                0,
                0,
                0,
                0,
                0,
                0
            ],
            [
                9,
                9,
                9,
                9,
                9,
                9,
                0,
                9,
                9
            ],
            [
                0,
                0,
                0,
                0,
                0,
                0,
                0,
                0,
                0
            ],
            [
                9,
                9,
                9,
                0,
                9,
                9,
                0,
                9,
                9
            ]
        ],
        "diff_count": 12
    }
]