predicted_output_grid_2=array([[0, 0, 0, 0, 8, 8, 0],
       [0, 0, 0, 0, 1, 8, 0],
       [0, 0, 8, 0, 0, 0, 0],
       [0, 0, 8, 8, 0, 0, 0],
       [0, 0, 0, 0, 0, 0, 0],
       [0, 0, 0, 0, 8, 0, 0],
       [0, 0, 0, 8, 8, 0, 0]])
output_grid_2=array([[0, 0, 0, 0, 8, 8, 0],
       [0, 0, 0, 0, 1, 8, 0],
       [0, 0, 8, 1, 0, 0, 0],
       [0, 0, 8, 8, 0, 0, 0],
       [0, 0, 0, 0, 0, 0, 0],
       [0, 0, 0, 1, 8, 0, 0],
       [0, 0, 0, 8, 8, 0, 0]])
comparison.all()=False
azure_objects_input=[[(0, 4), (0, 5), (1, 5)], [(2, 2), (3, 2), (3, 3)], [(5, 4), (6, 4), (6, 5)]]
len(azure_objects_input)=3
white_pixels_adjacent_to_azure_input=[(1, 4), (0, 3), (0, 6), (2, 5), (1, 6), (2, 1), (1, 2), (2, 3), (4, 2), (3, 1), (4, 3), (3, 4), (5, 3), (4, 4), (6, 3), (5, 5), (6, 6)]
