Example 1 - Match: False, Mismatched Pixels: 16
 differences: 
 [[ 0  0  0  0  0  0  0  0  0]
 [ 0  0  0  0  0  0  0  0  0]
 [ 0  0  0  0  0  0  0  0  0]
 [ 0  0  0  0  0  0  0  0  0]
 [ 0  0  0  0  0  0  0  0  0]
 [ 0  0  0  0  0  0  0  0  0]
 [ 0  0  0  0  0  0  0  0  0]
 [ 0  0  0  0  0  0  0  0  0]
 [ 0  0  0  0  0  0  0  0  0]]
Example 2 - Match: False, Mismatched Pixels: 14
 differences: 
 [[ 0  0  0  0  0  0  0  0  0]
 [-4  0  0  0  0  0  0  0  0]
 [ 0  0  0  0  0  0  0  0  0]
 [ 0  0  0  0  0  0  0  0  0]
 [ 0  0  0  0  0  0  0  0  0]
 [ 0  0  0  0  0  0  0  0  0]
 [ 0  0  0  0  0  0  0  0  0]
 [ 0  0  0  0  0  0  0  0  0]
 [ 0  0  0  0  0  0  0  0  0]]
Example 3 - Match: False, Mismatched Pixels: 14
 differences: 
 [[ 0  0  0  0  0  0  0  0  0]
 [ 0  0  0  0  0  0  0  0  0]
 [ 0  0  0  0  0  0  0  0  0]
 [ 0  0  0  0  0  0  0  0  0]
 [ 0  0  0  0  0  0  0  0  0]
 [ 0  0  0  0  0  0  0  0  0]
 [ 0  0  0  0  0  0  0  0  0]
 [ 0  0  0  0  0  0  0  0  0]
 [ 0  0  0  0  0  0  0  0  0]]