Input:
000000
000000
001100
001100
000000
000000
Expected:
000000
000000
000000
000000
001100
001100
Generated:
000000
000000
000000
000000
001100
001100
Comparison:
  equal: True
Input:
00000
02200
02200
00000
00000
Expected:
00000
00000
00000
02200
02200
00000
Generated:
00000
00000
00000
02200
02200
00000
Comparison:
  equal: True
Input:
000000
000000
000000
333300
333300
000000
Expected:
000000
000000
000000
000000
333300
333300
Generated:
000000
000000
000000
000000
333300
333300
Comparison:
  equal: True
Input:
0000000
0000000
0004444
0000000
0000000
0000000
Expected:
0000000
0000000
0000000
0000000
0004444
0000000
Generated:
0000000
0000000
0000000
0000000
0004444
0004444
Comparison:
  equal: False
Difference:
0000000
0000000
0000000
0000000
0000000
0001111
