Example 0:
Input:
[[0 0 0 0 0 0]
 [0 0 0 0 0 0]
 [0 0 0 0 0 0]
 [0 0 0 0 0 0]
 [0 0 0 0 0 0]]
Expected Output:
[[6 6 6 0 0 0]
 [6 6 6 0 0 0]
 [6 6 6 0 0 0]
 [6 6 6 0 0 0]
 [6 6 6 0 0 0]]
Actual Output:
[[6 6 6 0 0 0]
 [6 6 6 0 0 0]
 [6 6 6 0 0 0]
 [6 6 6 0 0 0]
 [6 6 6 0 0 0]]
Result: Pass

Example 1:
Input:
[[0 0 0 0]
 [0 0 0 0]
 [0 0 0 0]
 [0 0 0 0]]
Expected Output:
[[6 6 6 0]
 [6 6 6 0]
 [6 6 6 0]
 [6 6 6 0]]
Actual Output:
[[6 6 6 0]
 [6 6 6 0]
 [6 6 6 0]
 [6 6 6 0]]
Result: Pass

Example 2:
Input:
[[0 0 0 0 0 0 0 0 0]
 [0 0 0 0 0 0 0 0 0]
 [0 0 0 0 0 0 0 0 0]
 [0 0 0 0 0 0 0 0 0]]
Expected Output:
[[6 6 6 0 0 0 0 0 0]
 [6 6 6 0 0 0 0 0 0]
 [6 6 6 0 0 0 0 0 0]
 [6 6 6 0 0 0 0 0 0]]
Actual Output:
[[6 6 6 0 0 0 6 6 6]
 [6 6 6 0 0 0 6 6 6]
 [6 6 6 0 0 0 6 6 6]
 [6 6 6 0 0 0 6 6 6]]
Result: Fail

Example 3:
Input:
[[0 0 0 0 0 0 0]
 [0 0 0 0 0 0 0]
 [0 0 0 0 0 0 0]
 [0 0 0 0 0 0 0]
 [0 0 0 0 0 0 0]
 [0 0 0 0 0 0 0]]
Expected Output:
[[6 6 6 0 0 0 0]
 [6 6 6 0 0 0 0]
 [6 6 6 0 0 0 0]
 [6 6 6 0 0 0 0]
 [6 6 6 0 0 0 0]
 [6 6 6 0 0 0 0]]
Actual Output:
[[6 6 6 0 6 6 6]
 [6 6 6 0 6 6 6]
 [6 6 6 0 6 6 6]
 [6 6 6 0 6 6 6]
 [6 6 6 0 6 6 6]
 [6 6 6 0 6 6 6]]
Result: Fail