Example: 0
Input:
00000000
00000000
00444400
00414400
00444400
00000000
00444400
00424400
00444400
00000000
Expected:
00000000
00000000
00444400
00414400
00414400
00000000
00444400
00424400
00424400
00000000
Output:
00000000
00000000
00444400
00414400
00414400
00000000
00444400
00424400
00424400
00000000
Correct: True
--------
Example: 1
Input:
0000000000
0000000000
0000444000
0000444000
0000444000
0000000000
0044444400
0044444400
0044444400
0044444400
0000000000
0000000000
Expected:
0000000000
0000000000
0000444000
0000414000
0000444000
0000000000
0044444400
0042222400
0042222400
0044444400
0000000000
0000000000
Output:
0000000000
0000000000
0000444000
0000414000
0000444000
0000000000
0044444400
0042222400
0042222400
0044444400
0000000000
0000000000
Correct: True
--------
Example: 2
Input:
00000000000000000
00000000000000000
00000000000000000
00000000000000000
00000000000000000
00000000000000000
00000000000000000
00000000444444000
00000000444444000
00000000444444000
00000000444444000
00000000000000000
00000000000000000
00000000000000000
00000000000000000
Expected:
00000000000000000
00000000000000000
00000000000000000
00000000000000000
00000000000000000
00000000000000000
00000000000000000
00000000444444000
00000000411114000
00000000411114000
00000000444444000
00000000000000000
00000000000000000
00000000000000000
00000000000000000
Output:
00000000000000000
00000000000000000
00000000000000000
00000000000000000
00000000000000000
00000000000000000
00000000000000000
00000000444444000
00000000411114000
00000000411114000
00000000444444000
00000000000000000
00000000000000000
00000000000000000
00000000000000000
Correct: True
--------