  [[3, 0, 3],
   [0, 3, 0],
   [3, 0, 3]]
  ```
- expected:
  ```
  [[3, 0, 3, 0, 3, 0],
   [0, 3, 0, 3, 0, 3],
   [3, 0, 3, 0, 3, 0],
   [0, 3, 0, 3, 0, 3],
   [3, 0, 3, 0, 3, 0],
   [0, 3, 0, 3, 0, 3]]
  ```
- actual:
  ```
  [[3, 0, 3, 0, 3, 0],
   [0, 3, 0, 3, 0, 3],
   [3, 0, 3, 0, 3, 0],
   [0, 3, 0, 3, 0, 3],
   [3, 0, 3, 0, 3, 0],
   [0, 3, 0, 3, 0, 3]]
  ```
- result: Pass

**Example 2**
- input:
  ```
  [[0, 3, 0, 3],
   [3, 0, 8, 0],
   [0, 3, 0, 3],
   [3, 0, 3, 0]]
  ```
- expected:
  ```
  [[0, 3, 0, 3, 0, 3, 0, 3],
   [3, 0, 3, 8, 3, 0, 3, 0],
   [0, 3, 0, 3, 0, 3, 0, 3],
   [3, 0, 3, 0, 3, 0, 3, 0],
   [0, 3, 0, 3, 0, 3, 0, 3],
   [3, 0, 3, 0, 3, 0, 3, 0],
   [0, 3, 0, 3, 0, 3, 0, 3],
   [3, 0, 3, 0, 3, 0, 3, 0]]
  ```
- actual:
  ```
  [[0, 3, 0, 3, 0, 3, 0, 3],
   [3, 0, 3, 8, 3, 0, 3, 0],
   [0, 3, 0, 3, 0, 3, 0, 3],
   [3, 0, 3, 0, 3, 0, 3, 0],
   [0, 3, 0, 3, 0, 3, 0, 3],
   [3, 0, 3, 0, 3, 0, 3, 0],
   [0, 3, 0, 3, 0, 3, 0, 3],
   [3, 0, 3, 0, 3, 0, 3, 0]]
  ```
- result: Pass

**Example 3**
- input:
  ```
  [[0, 3, 0],
   [3, 0, 2],
   [0, 3, 0]]
  ```
- expected:
  ```
  [[0, 3, 0, 3, 0, 3],
   [3, 0, 3, 0, 3, 2],
   [0, 3, 0, 3, 0, 3],
   [3, 0, 3, 0, 3, 0],
   [0, 3, 0, 3, 0, 3],
   [3, 0, 3, 0, 3, 0]]
  ```
- actual:
  ```
  [[0, 3, 0, 3, 0, 3],
   [3, 0, 3, 0, 3, 2],
   [0, 3, 0, 3, 0, 3],
   [3, 0, 3, 0, 3, 0],
   [0, 3, 0, 3, 0, 3],
   [3, 0, 3, 0, 3, 0]]
  ```
- result: Pass

**YAML Facts:**
