Input:
[[8 8 8 8 8 8 8 8 8]
 [8 8 8 8 8 8 8 8 8]
 [8 8 8 8 8 8 8 8 0]
 [8 8 8 8 8 8 8 8 0]
 [8 8 8 8 8 8 8 8 0]
 [8 8 8 8 8 8 8 8 0]
 [8 8 8 8 8 8 8 8 0]
 [8 8 8 8 8 8 0 0 0]
 [8 8 8 8 8 8 0 3 3]
 [8 8 8 8 8 8 0 3 3]]

Expected Output:
[[3 3 3]
 [3 3 3]
 [0 0 3]
 [0 0 3]
 [0 0 3]
 [0 0 3]
 [0 0 3]
 [0 0 3]
 [0 0 3]
 [0 0 3]]

Predicted Output:
[[3 3 3]
 [3 3 3]
 [0 0 3]
 [0 0 3]
 [0 0 3]
 [0 0 3]
 [0 0 3]
 [0 0 3]
 [0 0 3]
 [0 0 3]]

Result: Match
--------------------
Input:
[[0 8 8 8 8 8 8 8 0]
 [0 8 8 8 8 8 8 8 0]
 [0 8 8 8 8 8 8 8 0]
 [0 8 8 8 8 8 8 8 0]
 [0 8 8 8 8 8 8 8 0]
 [0 8 8 8 8 8 8 8 0]
 [0 8 8 8 8 8 8 8 0]
 [0 8 8 8 8 8 8 8 0]
 [0 8 8 8 8 8 8 8 0]
 [0 3 3 8 8 8 8 8 0]
 [0 3 3 8 8 8 8 8 0]]

Expected Output:
[[3 3 3]
 [3 3 3]
 [0 0 3]
 [0 0 3]
 [0 0 3]
 [0 0 3]
 [0 0 3]
 [0 0 3]
 [0 0 3]
 [0 0 3]
 [0 0 3]]

Predicted Output:
[[3 3 3]
 [3 3 3]
 [0 0 3]
 [0 0 3]
 [0 0 3]
 [0 0 3]
 [0 0 3]
 [0 0 3]
 [0 0 3]
 [0 0 3]
 [0 0 3]]

Result: Match
--------------------
Input:
[[0 0 0 0 0 0 0 0 0 0 0 0 0]
 [0 0 0 0 0 0 0 0 0 0 0 0 0]
 [0 0 0 0 0 0 0 0 0 0 0 0 0]
 [0 0 0 0 0 0 0 0 0 0 0 0 0]
 [0 0 0 0 0 0 0 0 0 0 0 0 0]
 [0 0 0 0 0 0 0 0 0 0 0 0 0]
 [0 0 0 0 0 0 0 0 0 0 0 0 0]
 [0 0 0 0 0 0 0 0 0 0 0 0 3]
 [0 0 0 0 0 0 0 0 0 0 0 0 3]
 [0 0 0 0 0 0 0 0 0 0 0 0 3]
 [0 0 0 0 0 0 0 0 0 0 0 0 3]
 [0 0 0 0 0 0 0 0 0 0 0 0 3]
 [0 0 0 0 0 0 0 0 0 0 0 0 3]
 [0 0 0 0 0 0 0 0 0 0 0 0 3]
 [0 0 0 0 0 0 0 0 0 0 0 0 3]
 [0 0 0 0 0 0 0 0 0 0 0 0 3]
 [3 3 0 0 0 0 0 0 0 0 0 0 0]
 [3 3 0 0 0 0 0 0 0 0 0 0 0]]

Expected Output:
[[3 3 3]
 [3 3 3]
 [0 0 3]
 [0 0 3]
 [0 0 3]
 [0 0 3]
 [0 0 3]
 [0 0 3]
 [0 0 3]
 [0 0 3]
 [0 0 3]
 [0 0 3]
 [0 0 3]
 [0 0 3]
 [0 0 3]
 [0 0 3]
 [0 0 3]
 [0 0 3]]

Predicted Output:
[[3 3 3]
 [3 3 3]
 [0 0 3]
 [0 0 3]
 [0 0 3]
 [0 0 3]
 [0 0 3]
 [0 0 3]
 [0 0 3]
 [0 0 3]
 [0 0 3]
 [0 0 3]
 [0 0 3]
 [0 0 3]
 [0 0 3]
 [0 0 3]
 [0 0 3]
 [0 0 3]]

Result: Match
--------------------