[2025-02-10T09:29:01.207638] PROMPT: Description: example_1
--------------------------------------------------------------------------------

================================================================================

```python
example_1_input = [[0 0 0 0 0 0 0]
 [0 8 0 0 0 0 0]
 [0 8 8 0 0 0 0]
 [0 0 0 0 8 8 0]
 [0 0 0 0 0 8 0]
 [0 0 0 0 0 0 0]
 [0 0 0 0 0 0 0]]

example_1_output = [[0 0 0 0 0 0 0]
 [0 8 1 0 0 0 0]
 [0 8 8 0 0 0 0]
 [0 0 0 0 8 8 0]
 [0 0 0 0 1 8 0]
 [0 0 0 0 0 0 0]
 [0 0 0 0 0 0 0]]
```

**images**

input:
<PIL.Image.Image image mode=RGB size=448x448 at 0x77622B12DFF0>
output:
<PIL.Image.Image image mode=RGB size=448x448 at 0x77622B163610>

