[2025-02-10T09:30:16.906888] PROMPT: Description: example_2
--------------------------------------------------------------------------------

================================================================================

```python
example_2_input = [[0 0 0 0 0 9]
 [0 0 0 8 0 0]
 [0 0 0 0 0 0]
 [4 0 0 0 0 0]
 [4 0 7 8 0 0]
 [4 0 7 0 0 0]]

example_2_output = [[0 0 0 0 0 0]
 [0 0 0 0 0 0]
 [0 0 0 0 0 0]
 [4 0 0 0 0 0]
 [4 0 7 8 0 0]
 [4 0 7 8 0 9]]
```

**images**

input:
<PIL.Image.Image image mode=RGB size=384x384 at 0x77622AF2B880>
output:
<PIL.Image.Image image mode=RGB size=384x384 at 0x77622AEFD2A0>

