Train Example: 0
Input:
[[0 0 0 5 5 5 5 5 0 0 0]
 [0 0 0 5 5 5 5 5 0 0 0]
 [0 0 0 5 5 5 5 5 0 0 0]
 [5 5 5 5 5 5 5 5 5 5 5]
 [5 5 5 5 5 5 5 5 5 5 5]
 [5 5 5 0 0 0 0 5 5 5 5]
 [5 5 5 0 0 0 0 5 5 5 5]
 [5 5 5 5 5 5 5 5 0 0 0]
 [5 5 5 5 5 5 5 5 0 0 0]
 [5 5 5 5 5 5 5 5 0 0 0]]
Expected Output:
[[1 1 1 5 5 5 5 5 0 0 0]
 [1 1 1 5 5 5 5 5 0 0 0]
 [1 1 1 5 5 5 5 5 0 0 0]
 [5 5 5 5 5 5 5 5 5 5 5]
 [5 5 5 5 5 5 5 5 5 5 5]
 [5 5 5 2 2 2 2 5 5 5 5]
 [5 5 5 2 2 2 2 5 5 5 5]
 [5 5 5 5 5 5 5 5 3 3 3]
 [5 5 5 5 5 5 5 5 3 3 3]
 [5 5 5 5 5 5 5 5 3 3 3]]
Actual Output:
[[1 1 1 5 5 5 5 5 0 0 0]
 [1 1 1 5 5 5 5 5 0 0 0]
 [1 1 1 5 5 5 5 5 0 0 0]
 [5 5 5 5 5 5 5 5 5 5 5]
 [5 5 5 2 2 2 2 5 5 5 5]
 [5 5 5 2 2 2 2 5 5 5 5]
 [5 5 5 2 2 2 2 5 5 5 5]
 [5 5 5 5 5 5 5 5 3 3 3]
 [5 5 5 5 5 5 5 5 3 3 3]
 [5 5 5 5 5 5 5 5 3 3 3]]
Grids Identical: False
Differences: []
Train Example: 1
Input:
[[0 0 0 5 5 5 5 5 0 0 0]
 [0 0 0 5 5 5 5 5 0 0 0]
 [0 0 0 5 5 5 5 5 0 0 0]
 [5 5 5 5 5 5 5 5 5 5 5]
 [5 5 5 5 5 5 5 5 5 5 5]
 [5 5 5 0 0 0 0 5 5 5 5]
 [5 5 5 0 0 0 0 5 5 5 5]
 [5 5 5 5 5 5 5 5 0 0 0]
 [5 5 5 5 5 5 5 5 0 0 0]
 [5 5 5 5 5 5 5 5 0 0 0]]
Expected Output:
[[1 1 1 5 5 5 5 5 0 0 0]
 [1 1 1 5 5 5 5 5 0 0 0]
 [1 1 1 5 5 5 5 5 0 0 0]
 [5 5 5 5 5 5 5 5 5 5 5]
 [5 5 5 5 5 5 5 5 5 5 5]
 [5 5 5 2 2 2 2 5 5 5 5]
 [5 5 5 2 2 2 2 5 5 5 5]
 [5 5 5 5 5 5 5 5 3 3 3]
 [5 5 5 5 5 5 5 5 3 3 3]
 [5 5 5 5 5 5 5 5 3 3 3]]
Actual Output:
[[1 1 1 5 5 5 5 5 0 0 0]
 [1 1 1 5 5 5 5 5 0 0 0]
 [1 1 1 5 5 5 5 5 0 0 0]
 [5 5 5 5 5 5 5 5 5 5 5]
 [5 5 5 2 2 2 2 5 5 5 5]
 [5 5 5 2 2 2 2 5 5 5 5]
 [5 5 5 2 2 2 2 5 5 5 5]
 [5 5 5 5 5 5 5 5 3 3 3]
 [5 5 5 5 5 5 5 5 3 3 3]
 [5 5 5 5 5 5 5 5 3 3 3]]
Grids Identical: False
Differences: []
Train Example: 2
Input:
[[5 5 5 5 5 5 5 5 5 5 5]
 [5 0 0 5 0 0 0 5 0 0 5]
 [5 0 0 5 0 0 0 5 0 0 5]
 [5 5 5 5 5 5 5 5 5 5 5]
 [5 5 5 5 5 5 5 5 5 5 5]
 [5 5 5 5 0 0 0 5 5 5 5]
 [5 5 5 5 0 0 0 5 5 5 5]
 [5 0 0 5 5 5 5 5 0 0 0]
 [5 0 0 5 5 5 5 5 0 0 0]
 [5 5 5 5 5 5 5 5 5 5 5]]
Expected Output:
[[5 5 5 5 5 5 5 5 5 5 5]
 [5 1 1 5 0 0 0 5 0 0 5]
 [5 1 1 5 0 0 0 5 0 0 5]
 [5 5 5 5 5 5 5 5 5 5 5]
 [5 5 5 5 5 5 5 5 5 5 5]
 [5 5 5 5 2 2 2 5 5 5 5]
 [5 5 5 5 2 2 2 5 5 5 5]
 [5 0 0 5 5 5 5 5 3 3 3]
 [5 0 0 5 5 5 5 5 3 3 3]
 [5 5 5 5 5 5 5 5 5 5 5]]
Actual Output:
[[5 5 5 5 5 5 5 5 5 5 5]
 [5 1 1 5 0 0 0 5 0 0 5]
 [5 1 1 5 0 0 0 5 0 0 5]
 [5 5 5 5 5 5 5 5 5 5 5]
 [5 5 5 5 2 2 2 5 5 5 5]
 [5 5 5 5 2 2 2 5 5 5 5]
 [5 5 5 5 2 2 2 5 5 5 5]
 [5 0 0 5 5 5 5 5 3 3 3]
 [5 0 0 5 5 5 5 5 3 3 3]
 [5 5 5 5 5 5 5 5 5 5 5]]
Grids Identical: False
Differences: [(4, 3, 5, 2), (7, 1, 5, 0), (7, 2, 5, 0), (8, 1, 5, 0), (8, 2, 5, 0)]
Test Example: 0
Input:
[[5 5 5 5 5 5 5 5 5 5 5]
 [5 0 0 5 0 0 0 5 0 0 5]
 [5 0 0 5 0 0 0 5 0 0 5]
 [5 5 5 5 5 5 5 5 5 5 5]
 [5 5 5 5 5 5 5 5 5 5 5]
 [5 5 5 5 0 0 0 5 5 5 5]
 [5 5 5 5 0 0 0 5 5 5 5]
 [5 0 0 5 5 5 5 5 0 0 5]
 [5 0 0 5 5 5 5 5 0 0 5]
 [5 5 5 5 5 5 5 5 5 5 5]]
Expected Output:
[[5 5 5 5 5 5 5 5 5 5 5]
 [5 1 1 5 0 0 0 5 0 0 5]
 [5 1 1 5 0 0 0 5 0 0 5]
 [5 5 5 5 5 5 5 5 5 5 5]
 [5 5 5 5 5 5 5 5 5 5 5]
 [5 5 5 5 2 2 2 5 5 5 5]
 [5 5 5 5 2 2 2 5 5 5 5]
 [5 0 0 5 5 5 5 5 3 3 5]
 [5 0 0 5 5 5 5 5 3 3 5]
 [5 5 5 5 5 5 5 5 5 5 5]]
Actual Output:
[[5 5 5 5 5 5 5 5 5 5 5]
 [5 1 1 5 0 0 0 5 0 0 5]
 [5 1 1 5 0 0 0 5 0 0 5]
 [5 5 5 5 5 5 5 5 5 5 5]
 [5 5 5 5 2 2 2 5 5 5 5]
 [5 5 5 5 2 2 2 5 5 5 5]
 [5 5 5 5 2 2 2 5 5 5 5]
 [5 0 0 5 5 5 5 5 3 3 3]
 [5 0 0 5 5 5 5 5 3 3 3]
 [5 5 5 5 5 5 5 5 5 5 5]]
Grids Identical: False
Differences: [(4, 3, 5, 2), (7, 9, 3, 5), (8, 9, 3, 5)]