--- Example 1 ---
  Mismatched pixels: 0
  Input:
[[0 0 0 0 0 0 0 0 0 0]
 [0 0 0 0 8 0 0 0 0 0]
 [0 0 0 0 8 0 0 0 0 0]
 [0 0 0 0 8 0 0 0 0 0]
 [0 8 8 8 8 8 8 8 8 0]
 [0 0 0 0 8 0 0 0 0 0]
 [0 0 0 0 8 0 0 0 0 0]
 [0 0 0 0 8 0 0 0 0 0]
 [0 0 0 0 0 0 0 0 0 0]]
  Expected Output:
[[0 0 0 0 2 0 0 0 0 0]
 [0 0 0 0 2 0 0 0 0 0]
 [0 0 0 0 2 0 0 0 0 0]
 [0 0 0 0 2 0 0 0 0 0]
 [0 8 8 8 8 8 8 8 8 0]
 [0 4 4 4 6 3 3 3 3 0]
 [0 0 0 0 6 0 0 0 0 0]
 [0 0 0 0 6 0 0 0 0 0]
 [0 0 0 0 1 0 0 0 0 0]]
  Predicted Output:
[[0 0 0 0 2 0 0 0 0 0]
 [0 0 0 0 2 0 0 0 0 0]
 [0 0 0 0 2 0 0 0 0 0]
 [0 0 0 0 2 0 0 0 0 0]
 [0 8 8 8 8 8 8 8 8 0]
 [0 4 4 4 6 3 3 3 3 0]
 [0 0 0 0 6 0 0 0 0 0]
 [0 0 0 0 6 0 0 0 0 0]
 [0 0 0 0 1 0 0 0 0 0]]
--- Example 2 ---
  Mismatched pixels: 0
  Input:
[[0 0 0 0 0 0 0 0 0 0 0 0 0 0 0]
 [0 0 0 0 0 0 0 0 8 0 0 0 0 0 0]
 [0 0 0 0 0 0 0 0 8 0 0 0 0 0 0]
 [0 0 0 0 0 0 0 0 8 0 0 0 0 0 0]
 [0 0 0 0 0 0 0 0 8 0 0 0 0 0 0]
 [0 0 0 0 0 0 0 0 8 0 0 0 0 0 0]
 [0 0 0 0 0 0 0 0 8 0 0 0 0 0 0]
 [0 0 0 0 8 8 8 8 8 8 8 8 8 0 0]
 [0 0 0 0 0 0 0 0 8 0 0 0 0 0 0]
 [0 0 0 0 0 0 0 0 8 0 0 0 0 0 0]
 [0 0 0 0 0 0 0 0 8 0 0 0 0 0 0]
 [0 0 0 0 0 0 0 0 0 0 0 0 0 0 0]]
  Expected Output:
[[0 0 0 0 0 0 0 0 2 0 0 0 0 0 0]
 [0 0 0 0 0 0 0 0 2 0 0 0 0 0 0]
 [0 0 0 0 0 0 0 0 2 0 0 0 0 0 0]
 [0 0 0 0 0 0 0 0 2 0 0 0 0 0 0]
 [0 0 0 0 0 0 0 0 2 0 0 0 0 0 0]
 [0 0 0 0 0 0 0 0 2 0 0 0 0 0 0]
 [0 0 0 0 0 0 0 0 2 0 0 0 0 0 0]
 [0 0 0 0 8 8 8 8 8 8 8 8 8 0 0]
 [0 0 0 0 4 4 4 4 6 3 3 3 3 0 0]
 [0 0 0 0 0 0 0 0 6 0 0 0 0 0 0]
 [0 0 0 0 0 0 0 0 6 0 0 0 0 0 0]
 [0 0 0 0 0 0 0 0 1 0 0 0 0 0 0]]
  Predicted Output:
[[0 0 0 0 0 0 0 0 2 0 0 0 0 0 0]
 [0 0 0 0 0 0 0 0 2 0 0 0 0 0 0]
 [0 0 0 0 0 0 0 0 2 0 0 0 0 0 0]
 [0 0 0 0 0 0 0 0 2 0 0 0 0 0 0]
 [0 0 0 0 0 0 0 0 2 0 0 0 0 0 0]
 [0 0 0 0 0 0 0 0 2 0 0 0 0 0 0]
 [0 0 0 0 0 0 0 0 2 0 0 0 0 0 0]
 [0 0 0 0 8 8 8 8 8 8 8 8 8 0 0]
 [0 0 0 0 4 4 4 4 6 3 3 3 3 0 0]
 [0 0 0 0 0 0 0 0 6 0 0 0 0 0 0]
 [0 0 0 0 0 0 0 0 6 0 0 0 0 0 0]
 [0 0 0 0 0 0 0 0 1 0 0 0 0 0 0]]
--- Example 3 ---
  Mismatched pixels: 0
  Input:
[[0 0 0 0 0 0 0 0 0 0 0 0 0]
 [0 0 0 0 0 0 8 0 0 0 0 0 0]
 [0 0 0 0 0 0 8 0 0 0 0 0 0]
 [0 0 0 0 0 0 8 0 0 0 0 0 0]
 [0 0 0 0 0 0 8 0 0 0 0 0 0]
 [0 0 0 0 0 0 8 0 0 0 0 0 0]
 [0 0 0 0 8 8 8 8 8 8 0 0 0]
 [0 0 0 0 0 0 8 0 0 0 0 0 0]
 [0 0 0 0 0 0 8 0 0 0 0 0 0]
 [0 0 0 0 0 0 8 0 0 0 0 0 0]
 [0 0 0 0 0 0 0 0 0 0 0 0 0]]
  Expected Output:
[[0 0 0 0 0 0 2 0 0 0 0 0 0]
 [0 0 0 0 0 0 2 0 0 0 0 0 0]
 [0 0 0 0 0 0 2 0 0 0 0 0 0]
 [0 0 0 0 0 0 2 0 0 0 0 0 0]
 [0 0 0 0 0 0 2 0 0 0 0 0 0]
 [0 0 0 0 0 0 2 0 0 0 0 0 0]
 [0 0 0 0 8 8 8 8 8 8 0 0 0]
 [0 0 0 0 4 4 6 3 3 3 0 0 0]
 [0 0 0 0 0 0 6 0 0 0 0 0 0]
 [0 0 0 0 0 0 6 0 0 0 0 0 0]
 [0 0 0 0 0 0 1 0 0 0 0 0 0]]
  Predicted Output:
[[0 0 0 0 0 0 2 0 0 0 0 0 0]
 [0 0 0 0 0 0 2 0 0 0 0 0 0]
 [0 0 0 0 0 0 2 0 0 0 0 0 0]
 [0 0 0 0 0 0 2 0 0 0 0 0 0]
 [0 0 0 0 0 0 2 0 0 0 0 0 0]
 [0 0 0 0 0 0 2 0 0 0 0 0 0]
 [0 0 0 0 8 8 8 8 8 8 0 0 0]
 [0 0 0 0 4 4 6 3 3 3 0 0 0]
 [0 0 0 0 0 0 6 0 0 0 0 0 0]
 [0 0 0 0 0 0 6 0 0 0 0 0 0]
 [0 0 0 0 0 0 1 0 0 0 0 0 0]]