Example 1:
  Input:
[[0 0 0 0 0 0]
 [0 0 0 0 0 0]
 [0 0 0 0 0 0]
 [0 0 0 1 2 0]
 [0 0 0 3 4 0]
 [0 0 0 0 0 0]]
  Expected Output:
[[4 4 0 0 3 3]
 [4 4 0 0 3 3]
 [0 0 0 0 0 0]
 [0 0 0 1 2 0]
 [0 0 0 3 4 0]
 [2 2 0 0 1 1]
 [2 2 0 0 1 1]]
  Actual Output:
[[4 4 0 0 3 3]
 [4 4 0 0 3 3]
 [0 0 0 0 0 0]
 [0 0 0 1 2 0]
 [0 0 0 3 4 0]
 [2 2 0 0 1 1]]
  Match: False
--------------------
Example 2:
  Input:
[[0 0 0 0 0 0 0 0]
 [0 0 0 0 0 0 0 0]
 [0 0 5 6 0 0 0 0]
 [0 0 7 8 0 0 0 0]
 [0 0 0 0 0 0 0 0]
 [0 0 0 0 0 0 0 0]
 [0 0 0 0 0 0 0 0]
 [0 0 0 0 0 0 0 0]]
  Expected Output:
[[8 8 0 0 0 0 7 7]
 [8 8 0 0 0 0 7 7]
 [0 0 5 6 0 0 0 0]
 [0 0 7 8 0 0 0 0]
 [0 0 0 0 0 0 0 0]
 [0 0 0 0 0 0 0 0]
 [6 6 0 0 0 0 5 5]
 [6 6 0 0 0 0 5 5]]
  Actual Output:
[[8 8 0 0 0 0 7 7]
 [8 8 0 0 0 0 7 7]
 [0 0 5 6 0 0 0 0]
 [0 0 7 8 0 0 0 0]
 [0 0 0 0 0 0 0 0]
 [0 0 0 0 0 0 0 0]
 [6 6 0 0 0 0 5 5]
 [6 6 0 0 0 0 5 5]]
  Match: True
--------------------
Example 3:
  Input:
[[0 0 0 0 0 0 0 0 0]
 [0 0 0 0 0 0 0 0 0]
 [0 0 0 0 0 0 0 0 0]
 [0 0 0 0 0 0 0 0 0]
 [0 0 0 0 3 5 0 0 0]
 [0 0 0 0 1 8 0 0 0]
 [0 0 0 0 0 0 0 0 0]
 [0 0 0 0 0 0 0 0 0]
 [0 0 0 0 0 0 0 0 0]]
  Expected Output:
[[8 8 0 0 0 0 0 1 1]
 [8 8 0 0 0 0 0 1 1]
 [0 0 0 0 0 0 0 0 0]
 [0 0 0 0 0 0 0 0 0]
 [0 0 0 0 3 5 0 0 0]
 [0 0 0 0 1 8 0 0 0]
 [0 0 0 0 0 0 0 0 0]
 [5 5 0 0 0 0 0 3 3]
 [5 5 0 0 0 0 0 3 3]]
  Actual Output:
[[0 0 0 0 0 0 0 0 0]
 [0 0 0 0 0 0 0 0 0]
 [0 0 0 0 0 0 0 0 0]
 [0 0 0 0 0 0 0 0 0]
 [0 0 0 0 3 5 0 0 0]
 [0 0 0 0 1 8 0 0 0]
 [0 0 0 0 0 0 0 0 0]
 [0 0 0 0 0 0 0 0 0]
 [0 0 0 0 0 0 0 0 0]]
  Match: False
--------------------
Example 4:
  Input:
[[0 0 0 0 0 0 0]
 [0 0 0 0 0 0 0]
 [0 0 0 0 0 0 0]
 [0 0 0 2 8 0 0]
 [0 0 0 7 6 0 0]
 [0 0 0 0 0 0 0]
 [0 0 0 0 0 0 0]]
  Expected Output:
[[6 6 0 0 0 7 7]
 [6 6 0 0 0 7 7]
 [0 0 0 0 0 0 0]
 [0 0 0 2 8 0 0]
 [0 0 0 7 6 0 0]
 [0 0 0 0 0 0 0]
 [8 8 0 0 0 2 2]
 [8 8 0 0 0 2 2]]
  Actual Output:
[[6 6 0 0 0 7 7]
 [6 6 0 0 0 7 7]
 [0 0 0 0 0 0 0]
 [0 0 0 2 8 0 0]
 [0 0 0 7 6 0 0]
 [0 0 0 0 0 0 0]
 [8 8 0 0 0 2 2]]
  Match: False
--------------------