Example 1:
  Errors: 0
  Input Objects: {0: 59, 8: 5}
  Output Objects: {0: 48, 2: 16, 8: 5}
  Predicted vs Expected Output:
  Predicted:
[[2 2 2 2 2 2 2 2]
 [2 0 0 0 0 0 0 2]
 [2 0 0 0 8 0 0 2]
 [2 0 0 8 8 8 0 2]
 [2 0 0 0 8 0 0 2]
 [2 0 0 0 0 0 0 2]
 [2 0 0 0 0 0 0 2]
 [2 2 2 2 2 2 2 2]]
Output:
[[2 2 2 2 2 2 2 2]
 [2 0 0 0 0 0 0 2]
 [2 0 0 0 8 0 0 2]
 [2 0 0 8 8 8 0 2]
 [2 0 0 0 8 0 0 2]
 [2 0 0 0 0 0 0 2]
 [2 0 0 0 0 0 0 2]
 [2 2 2 2 2 2 2 2]]
Example 2:
  Errors: 0
  Input Objects: {0: 78, 8: 8}
  Output Objects: {0: 48, 2: 16, 8: 8}
  Predicted vs Expected Output:
  Predicted:
[[2 2 2 2 2 2 2 2]
 [2 0 0 0 0 0 0 2]
 [2 0 0 8 8 0 0 2]
 [2 0 8 8 8 8 0 2]
 [2 0 0 8 8 0 0 2]
 [2 0 0 0 0 0 0 2]
 [2 0 0 0 0 0 0 2]
 [2 2 2 2 2 2 2 2]]
Output:
[[2 2 2 2 2 2 2 2]
 [2 0 0 0 0 0 0 2]
 [2 0 0 8 8 0 0 2]
 [2 0 8 8 8 8 0 2]
 [2 0 0 8 8 0 0 2]
 [2 0 0 0 0 0 0 2]
 [2 0 0 0 0 0 0 2]
 [2 2 2 2 2 2 2 2]]
Example 3:
  Errors: 0
  Input Objects: {0: 80}
  Output Objects: {0: 48, 2: 16}
  Predicted vs Expected Output:
  Predicted:
[[2 2 2 2 2 2 2 2]
 [2 0 0 0 0 0 0 2]
 [2 0 0 0 0 0 0 2]
 [2 0 0 0 0 0 0 2]
 [2 0 0 0 0 0 0 2]
 [2 0 0 0 0 0 0 2]
 [2 0 0 0 0 0 0 2]
 [2 2 2 2 2 2 2 2]]
Output:
[[2 2 2 2 2 2 2 2]
 [2 0 0 0 0 0 0 2]
 [2 0 0 0 0 0 0 2]
 [2 0 0 0 0 0 0 2]
 [2 0 0 0 0 0 0 2]
 [2 0 0 0 0 0 0 2]
 [2 0 0 0 0 0 0 2]
 [2 2 2 2 2 2 2 2]]