    [[5, 0, 5, 0, 5, 0, 5, 0],
     [0, 5, 0, 5, 0, 5, 0, 5],
     [5, 0, 5, 0, 5, 0, 5, 0],
     [0, 5, 0, 5, 0, 5, 0, 5],
     [5, 0, 5, 0, 5, 0, 5, 0],
     [0, 5, 0, 5, 0, 5, 0, 5],
     [5, 0, 5, 0, 5, 0, 5, 0],
     [0, 5, 0, 5, 0, 5, 0, 5]]
    ```
*   **Expected Output:**
    ```
    [[5, 0, 5, 0, 5, 0, 5, 0],
     [0, 5, 0, 5, 0, 5, 0, 5],
     [5, 0, 5, 0, 5, 0, 5, 0],
     [0, 5, 0, 5, 0, 5, 0, 5],
     [5, 0, 5, 0, 5, 0, 5, 0],
     [0, 5, 0, 5, 0, 5, 0, 5],
     [5, 0, 5, 0, 5, 0, 5, 0],
     [0, 5, 0, 5, 0, 5, 0, 5]]
    ```
*   **Generated Output:**
    ```
    [[5, 0, 5, 0, 5, 0, 5, 0],
     [0, 5, 0, 5, 0, 5, 0, 5],
     [5, 0, 5, 0, 5, 0, 5, 0],
     [0, 5, 0, 5, 0, 5, 0, 5],
     [5, 0, 5, 0, 5, 0, 5, 0],
     [0, 5, 0, 5, 0, 5, 0, 5],
     [5, 0, 5, 0, 5, 0, 5, 0],
     [0, 5, 0, 5, 0, 5, 0, 5]]
    ```

**Example 2**

*   **Input:**
    ```
    [[0, 7, 7, 0, 7, 7, 7, 0],
     [0, 0, 7, 0, 0, 0, 7, 0],
     [0, 0, 0, 7, 7, 7, 7, 7],
     [0, 0, 0, 7, 0, 0, 0, 0],
     [0, 0, 7, 7, 7, 7, 0, 0],
     [0, 7, 7, 0, 0, 7, 7, 0],
     [7, 7, 0, 0, 7, 7, 0, 0],
     [0, 7, 7, 7, 7, 0, 0, 0]]
    ```
*   **Expected Output:**
    ```
    [[0, 7, 7, 0, 7, 7, 7, 0],
     [0, 0, 7, 0, 0, 0, 7, 0],
     [0, 0, 0, 7, 7, 7, 7, 7],
     [0, 0, 0, 7, 0, 0, 0, 0],
     [0, 0, 7, 7, 7, 7, 0, 0],
     [0, 7, 7, 0, 0, 7, 7, 0],
     [7, 7, 0, 0, 7, 7, 0, 0],
     [0, 7, 7, 7, 7, 0, 0, 0]]
    ```
*   **Generated Output:**
    ```
    [[0, 7, 7, 0, 7, 7, 7, 0],
     [0, 0, 7, 0, 0, 0, 7, 0],
     [7, 0, 0, 7, 7, 7, 0, 7],
     [0, 0, 0, 7, 0, 0, 0, 0],
     [0, 7, 0, 7, 7, 0, 7, 0],
     [0, 0, 7, 0, 0, 7, 7, 0],
     [7, 7, 0, 0, 7, 7, 0, 0],
     [0, 7, 7, 7, 0, 0, 7, 0]]
    ```

**Example 3**

*   **Input:**
    ```
    [[1, 0, 0, 0, 2, 2, 1, 0],
     [0, 0, 8, 0, 0, 0, 0, 1],
     [0, 0, 8, 6, 0, 0, 0, 0],
     [8, 0, 8, 6, 2, 0, 0, 2],
     [0, 8, 0, 0, 2, 0, 2, 0],
     [0, 8, 0, 0, 2, 2, 0, 0],
     [0, 0, 0, 0, 0, 0, 0, 0],
     [0, 3, 0, 4, 4, 3, 0, 0]]
    ```
*   **Expected Output:**
    ```
    [[1, 0, 0, 0, 2, 2, 1, 0],
     [0, 0, 8, 0, 0, 0, 0, 1],
     [0, 0, 8, 6, 0, 0, 0, 0],
     [8, 0, 8, 6, 2, 0, 0, 2],
     [0, 8, 0, 0, 2, 0, 2, 0],
     [0, 8, 0, 0, 2, 2, 0, 0],
     [0, 0, 0, 0, 0, 0, 0, 0],
     [0, 3, 0, 4, 4, 3, 0, 0]]
    ```
*   **Generated Output:**
    ```
     [[1, 8, 0, 0, 2, 0, 0, 0],
     [0, 0, 8, 6, 0, 2, 0, 1],
     [0, 0, 0, 6, 0, 0, 1, 0],
     [8, 0, 8, 0, 2, 2, 0, 2],
     [0, 8, 0, 0, 2, 0, 2, 0],
     [0, 8, 0, 4, 0, 2, 0, 0],
     [0, 0, 0, 4, 0, 0, 0, 0],
     [0, 3, 0, 0, 3, 0, 0, 0]]
    ```

**Metrics Calculation (using code execution):**
