Example 1:
Input Grid:
[[0 0 0 0 0 0 0 0 0]
 [0 0 0 0 0 0 0 0 0]
 [0 0 0 0 0 0 0 0 0]
 [0 0 0 0 0 0 0 0 0]
 [0 0 0 0 0 0 0 1 0]
 [0 0 0 0 0 0 1 0 0]
 [0 0 0 0 0 0 0 0 0]
 [0 0 0 0 1 0 0 0 0]
 [0 0 0 0 0 0 0 0 0]]

Expected Output Grid:
[[0 0 0 0 0 0 0 0 0]
 [0 0 0 0 0 0 0 0 0]
 [0 0 0 0 0 0 0 0 0]
 [0 0 0 0 0 0 0 0 0]
 [0 0 0 0 0 0 0 0 0]
 [0 0 0 0 0 0 0 0 0]
 [0 0 0 0 0 0 0 0 0]
 [0 0 0 0 0 0 0 1 1]
 [0 0 0 0 0 0 0 0 1]]

Predicted Output Grid:
[[0 0 0 0 0 0 0 0 0]
 [0 0 0 0 0 0 0 0 0]
 [0 0 0 0 0 0 0 0 0]
 [0 0 0 0 0 0 0 0 0]
 [0 0 0 0 0 0 0 0 0]
 [0 0 0 0 0 0 0 0 0]
 [0 0 0 0 0 0 0 0 0]
 [0 0 0 0 0 0 0 1 1]
 [0 0 0 0 0 0 0 1 0]]

Non-zero Pixels (Original Position, Color):
[((4, 7), 1), ((5, 6), 1), ((7, 4), 1)]

Differences (Expected != Predicted):
(array([8]), array([8]))
------------------------------
Example 2:
Input Grid:
[[0 0 0 0 0 0 0 0 0]
 [0 0 6 0 0 0 0 0 0]
 [0 0 0 0 0 0 6 0 0]
 [0 0 0 0 0 0 0 0 0]
 [0 0 0 0 0 0 0 0 0]
 [0 0 6 0 0 0 0 0 0]
 [0 0 0 0 0 0 6 0 0]
 [0 0 0 0 0 0 0 0 0]
 [0 0 0 0 0 0 0 0 0]]

Expected Output Grid:
[[0 0 0 0 0 0 0 0 0]
 [0 0 0 0 0 0 0 0 0]
 [0 0 0 0 0 0 0 0 0]
 [0 0 0 0 0 0 0 0 0]
 [0 0 0 0 0 0 0 0 0]
 [0 0 0 0 0 0 0 0 0]
 [0 0 0 0 0 0 0 0 0]
 [0 0 0 0 0 0 6 6 6]
 [0 0 0 0 0 0 0 6 0]]

Predicted Output Grid:
[[0 0 0 0 0 0 0 0 0]
 [0 0 0 0 0 0 0 0 0]
 [0 0 0 0 0 0 0 0 0]
 [0 0 0 0 0 0 0 0 0]
 [0 0 0 0 0 0 0 0 0]
 [0 0 0 0 0 0 0 0 0]
 [0 0 0 0 0 0 0 0 0]
 [0 0 0 0 0 0 6 6 0]
 [0 0 0 0 0 0 0 6 6]]

Non-zero Pixels (Original Position, Color):
[((1, 2), 6), ((2, 6), 6), ((5, 2), 6), ((6, 6), 6)]

Differences (Expected != Predicted):
(array([7, 7, 8, 8]), array([6, 7, 7, 8]))
------------------------------
Example 3:
Input Grid:
[[0 0 0 0 0 0 0 0 0]
 [0 0 6 0 0 0 0 8 0]
 [0 0 0 0 0 0 6 0 0]
 [0 0 0 0 0 0 0 0 0]
 [0 0 0 0 0 0 0 0 0]
 [0 0 6 0 0 0 0 0 0]
 [0 0 0 0 0 0 6 0 0]
 [0 4 0 0 0 0 0 0 0]
 [0 0 0 0 0 0 0 0 0]]

Expected Output Grid:
[[0 0 0 0 0 0 0 0 0]
 [0 0 0 0 0 0 0 0 0]
 [0 0 0 0 0 0 0 0 0]
 [0 0 0 0 0 0 0 0 0]
 [0 0 0 0 0 0 0 0 0]
 [0 0 0 0 0 0 0 0 0]
 [0 0 0 0 0 0 0 6 8]
 [0 0 0 0 0 0 6 6 6]
 [0 0 0 0 0 0 0 4 0]]

Predicted Output Grid:
[[0 0 0 0 0 0 0 0 0]
 [0 0 0 0 0 0 0 0 0]
 [0 0 0 0 0 0 0 0 0]
 [0 0 0 0 0 0 0 0 0]
 [0 0 0 0 0 0 0 0 0]
 [0 0 0 0 0 0 0 0 0]
 [0 0 0 0 0 0 0 6 8]
 [0 0 0 0 0 0 6 6 4]
 [0 0 0 0 0 0 0 6 0]]

Non-zero Pixels (Original Position, Color):
[((1, 2), 6), ((1, 7), 8), ((2, 6), 6), ((5, 2), 6), ((6, 6), 6), ((7, 1), 4)]

Differences (Expected != Predicted):
(array([7, 7, 8, 8]), array([7, 8, 6, 7]))
------------------------------