Example 1:
Input Azure Stacks: [(1, 3, 3)]
Output Azure Stacks: [(0, 0, 1)]
Input All Azure: [(1, 3), (2, 3), (3, 3)]
Output All Azure: [(0, 0), (0, 1), (0, 2)]
Input Yellow Pixels: [(0, 0), (0, 1), (0, 2), (0, 3), (0, 4), (0, 5), (0, 6), (0, 7), (0, 8), (1, 0), (1, 1), (1, 2), (1, 4), (1, 5), (1, 6), (1, 7), (1, 8), (2, 0), (2, 1), (2, 2), (2, 4), (2, 5), (2, 6), (2, 7), (2, 8), (3, 0), (3, 1), (3, 2), (3, 4), (3, 5), (3, 6), (3, 7), (3, 8), (4, 0), (4, 1), (4, 2), (4, 3), (4, 4), (4, 5), (4, 6), (4, 7), (4, 8)]
Output Yellow Pixels: [(0, 3), (0, 4), (0, 5), (0, 6), (0, 7), (0, 8), (1, 0), (1, 1), (1, 2), (1, 3), (1, 4), (1, 5), (1, 6), (1, 7), (1, 8), (2, 0), (2, 1), (2, 2), (2, 3), (2, 4), (2, 5), (2, 6), (2, 7), (2, 8), (3, 0), (3, 1), (3, 2), (3, 3), (3, 4), (3, 5), (3, 6), (3, 7), (3, 8), (4, 0), (4, 1), (4, 2), (4, 3), (4, 4), (4, 5), (4, 6), (4, 7), (4, 8)]
Input White Pixels []
Output White Pixels []
--------------------
Example 2:
Input Azure Stacks: [(3, 9, 2)]
Output Azure Stacks: [(0, 0, 1)]
Input All Azure: [(3, 9), (4, 9)]
Output All Azure: [(0, 0), (0, 1)]
Input Yellow Pixels: []
Output Yellow Pixels: []
Input White Pixels [(0, 0), (0, 1), (0, 2), (0, 3), (0, 4), (0, 5), (0, 6), (0, 7), (0, 8), (0, 9), (1, 0), (1, 1), (1, 2), (1, 3), (1, 4), (1, 5), (1, 6), (1, 7), (1, 8), (1, 9), (2, 0), (2, 1), (2, 2), (2, 3), (2, 4), (2, 5), (2, 6), (2, 7), (2, 8), (2, 9), (3, 0), (3, 1), (3, 2), (3, 3), (3, 4), (3, 5), (3, 6), (3, 7), (3, 8), (4, 0), (4, 1), (4, 2), (4, 3), (4, 4), (4, 5), (4, 6), (4, 7), (4, 8)]
Output White Pixels [(0, 2), (0, 3), (0, 4), (0, 5), (0, 6), (0, 7), (0, 8), (0, 9), (1, 0), (1, 1), (1, 2), (1, 3), (1, 4), (1, 5), (1, 6), (1, 7), (1, 8), (1, 9), (2, 0), (2, 1), (2, 2), (2, 3), (2, 4), (2, 5), (2, 6), (2, 7), (2, 8), (2, 9), (3, 0), (3, 1), (3, 2), (3, 3), (3, 4), (3, 5), (3, 6), (3, 7), (3, 8), (3, 9), (4, 0), (4, 1), (4, 2), (4, 3), (4, 4), (4, 5), (4, 6), (4, 7), (4, 8), (4, 9)]
--------------------
Example 3:
Input Azure Stacks: []
Output Azure Stacks: [(0, 0, 1)]
Input All Azure: [(0, 6), (1, 5), (2, 4), (3, 3), (4, 2)]
Output All Azure: [(0, 0), (0, 1), (0, 2), (0, 3), (0, 4)]
Input Yellow Pixels: []
Output Yellow Pixels: []
Input White Pixels [(0, 0), (0, 1), (0, 2), (0, 3), (0, 4), (0, 5), (0, 7), (0, 8), (0, 9), (1, 0), (1, 1), (1, 2), (1, 3), (1, 4), (1, 6), (1, 7), (1, 8), (1, 9), (2, 0), (2, 1), (2, 2), (2, 3), (2, 5), (2, 6), (2, 7), (2, 8), (2, 9), (3, 0), (3, 1), (3, 2), (3, 4), (3, 5), (3, 6), (3, 7), (3, 8), (3, 9), (4, 0), (4, 1), (4, 3), (4, 4), (4, 5), (4, 6), (4, 7), (4, 8), (4, 9)]
Output White Pixels [(0, 5), (0, 6), (0, 7), (0, 8), (0, 9), (1, 0), (1, 1), (1, 2), (1, 3), (1, 4), (1, 5), (1, 6), (1, 7), (1, 8), (1, 9), (2, 0), (2, 1), (2, 2), (2, 3), (2, 4), (2, 5), (2, 6), (2, 7), (2, 8), (2, 9), (3, 0), (3, 1), (3, 2), (3, 3), (3, 4), (3, 5), (3, 6), (3, 7), (3, 8), (3, 9), (4, 0), (4, 1), (4, 2), (4, 3), (4, 4), (4, 5), (4, 6), (4, 7), (4, 8), (4, 9)]
--------------------
Example 4:
Input Azure Stacks: [(4, 6, 1)]
Output Azure Stacks: [(0, 0, 1)]
Input All Azure: [(4, 6)]
Output All Azure: [(0, 0)]
Input Yellow Pixels: [(1, 2), (1, 3), (1, 4), (1, 5), (1, 6), (2, 2), (2, 3), (2, 4), (2, 5), (2, 6)]
Output Yellow Pixels: [(1, 1), (1, 2), (1, 3), (1, 4), (1, 5), (1, 6), (1, 7), (2, 1), (2, 2), (2, 3), (2, 4), (2, 5), (2, 6), (2, 7)]
Input White Pixels [(0, 0), (0, 1), (0, 2), (0, 3), (0, 4), (0, 5), (0, 6), (0, 7), (0, 8), (0, 9), (1, 0), (1, 1), (1, 7), (1, 8), (1, 9), (2, 0), (2, 1), (2, 7), (2, 8), (2, 9), (3, 0), (3, 1), (3, 2), (3, 3), (3, 4), (3, 5), (3, 6), (3, 7), (3, 8), (3, 9), (4, 0), (4, 1), (4, 2), (4, 3), (4, 4), (4, 5), (4, 7), (4, 8), (4, 9)]
Output White Pixels [(0, 1), (0, 2), (0, 3), (0, 4), (0, 5), (0, 6), (0, 7), (0, 8), (0, 9), (1, 0), (1, 8), (1, 9), (2, 0), (2, 8), (2, 9), (3, 0), (3, 1), (3, 2), (3, 3), (3, 4), (3, 5), (3, 6), (3, 7), (3, 8), (3, 9), (4, 0), (4, 1), (4, 2), (4, 3), (4, 4), (4, 5), (4, 6), (4, 7), (4, 8), (4, 9)]
--------------------