Input:
[[0 0 0 0 0 0 0 0]
 [0 0 0 0 0 0 0 0]
 [0 0 0 0 0 0 8 0]
 [0 0 0 0 0 0 8 0]
 [0 0 0 0 0 0 8 0]
 [0 4 4 0 0 0 8 0]
 [0 4 4 0 0 0 8 0]
 [0 4 4 0 0 0 8 0]]
Expected Output:
[[0 0 0 0 0 0 0 0]
 [0 0 0 0 0 0 0 0]
 [0 0 0 0 0 0 8 0]
 [0 0 0 0 0 0 8 0]
 [0 0 0 0 0 0 8 0]
 [0 4 4 0 0 0 8 0]
 [0 4 4 0 0 0 8 0]
 [0 4 4 0 0 0 8 0]]
Actual Output:
[[0 0 0 0 0 0 0 0]
 [0 0 0 0 0 0 0 0]
 [0 0 0 0 0 0 8 0]
 [0 0 0 0 0 0 8 0]
 [0 0 0 0 0 0 8 0]
 [0 4 4 0 0 0 8 0]
 [0 4 4 0 0 0 8 0]
 [0 4 4 0 0 0 8 0]]
Result: Pass