Example 1:
  - Input Objects: {5: [(1, 1)]}
  - Number of differences: 20
  - Difference coordinates: [(0, 0), (0, 2), (0, 4), (0, 6), (1, 0), (1, 2), (1, 4), (1, 6), (2, 0), (2, 1), (2, 2), (2, 3), (2, 4), (2, 5), (2, 6), (2, 7), (3, 0), (3, 2), (3, 4), (3, 6)]

Example 2:
  - Input Objects: {6: [(0, 2), (2, 1)]}
  - Number of differences: 28
  - Difference coordinates: [(0, 1), (0, 3), (0, 5), (0, 7), (1, 0), (1, 1), (1, 2), (1, 3), (1, 4), (1, 5), (1, 6), (1, 7), (2, 3), (2, 7), (3, 0), (3, 1), (3, 2), (3, 4), (3, 5), (3, 6), (4, 0), (4, 1), (4, 2), (4, 3), (4, 4), (4, 5), (4, 6), (4, 7)]

Example 3:
  - Input Objects: {4: [(1, 1), (4, 0)]}
  - Number of differences: 44
  - Difference coordinates: [(0, 0), (0, 1), (0, 2), (0, 3), (0, 4), (0, 5), (1, 0), (1, 2), (1, 3), (1, 5), (2, 1), (2, 2), (2, 3), (2, 4), (2, 5), (3, 0), (3, 1), (3, 2), (3, 4), (3, 5), (4, 1), (4, 2), (4, 4), (4, 5), (5, 0), (5, 1), (5, 2), (5, 4), (5, 5), (6, 0), (6, 2), (6, 3), (6, 5), (7, 1), (7, 2), (7, 3), (7, 4), (7, 5), (8, 0), (8, 1), (8, 2), (8, 4), (8, 5), (9, 1), (9, 2)]

Example 4:
  - Input Objects: {2: [(1, 1)]}
  - Number of differences: 32
  - Difference coordinates: [(0, 0), (0, 1), (0, 2), (0, 3), (0, 4), (0, 5), (0, 6), (0, 7), (1, 0), (1, 2), (1, 4), (1, 6), (2, 0), (2, 1), (2, 2), (2, 3), (2, 4), (2, 5), (2, 6), (2, 7), (4, 0), (4, 1), (4, 2), (4, 3), (4, 4), (4, 5), (4, 6), (4, 7), (5, 0), (5, 2), (5, 4), (5, 6)]