Example 1:
  Input Green Pixels: [[3, 4]]
  Output Green Pixels: [[3, 4], [4, 3], [4, 4], [4, 5], [5, 2], [5, 3], [5, 4], [5, 5], [5, 6], [6, 1], [6, 2], [6, 3], [6, 4], [6, 5], [6, 6], [6, 7], [7, 0], [7, 1], [7, 2], [7, 3], [7, 4], [7, 5], [7, 6], [7, 7], [7, 8]]
 cross center (3, 4)
 value at cross center 3
Example 2:
  Input Green Pixels: [[2, 5], [3, 5]]
  Output Green Pixels: [[2, 5], [3, 5], [4, 4], [4, 5], [4, 6], [5, 3], [5, 4], [5, 5], [5, 6], [5, 7], [6, 2], [6, 3], [6, 4], [6, 5], [6, 6], [6, 7], [6, 8]]
 cross center None
 value at cross center None
Example 3:
  Input Green Pixels: [[4, 1], [4, 2], [4, 3], [4, 4], [4, 5], [4, 6], [4, 7]]
  Output Green Pixels: [[4, 1], [4, 2], [4, 3], [4, 4], [4, 5], [4, 6], [4, 7], [5, 0], [5, 1], [5, 2], [5, 3], [5, 4], [5, 5], [5, 6], [5, 7], [5, 8], [6, 0], [6, 1], [6, 2], [6, 3], [6, 4], [6, 5], [6, 6], [6, 7], [6, 8], [7, 0], [7, 1], [7, 2], [7, 3], [7, 4], [7, 5], [7, 6], [7, 7], [7, 8]]
 cross center None
 value at cross center None