Input:
[[5, 5, 5], [5, 5, 5], [5, 5, 5]]
Expected Output:
[[5, 5, 5, 5, 5, 5], [5, 5, 5, 5, 5, 5], [5, 5, 5, 5, 5, 5]]
Actual Output:
[[5, 5, 5, 5, 5, 5], [5, 5, 5, 5, 5, 5], [5, 5, 5, 5, 5, 5]]
Correct: True
Input:
[[5, 5, 8, 8, 5, 5], [5, 5, 8, 8, 5, 5]]
Expected Output:
[[5, 5, 5, 5, 8, 8, 8, 8, 5, 5, 5, 5], [5, 5, 5, 5, 8, 8, 8, 8, 5, 5, 5, 5]]
Actual Output:
[[5, 5, 5, 5, 8, 8, 8, 8, 5, 5, 5, 5], [5, 5, 5, 5, 8, 8, 8, 8, 5, 5, 5, 5]]
Correct: True
Input:
[[7, 7, 7, 7, 7, 7, 7], [7, 7, 7, 7, 7, 7, 7], [7, 7, 7, 7, 7, 7, 7], [7, 7, 7, 7, 7, 7, 7]]
Expected Output:
[[7, 7, 7, 7, 7, 7, 7, 7, 7, 7, 7, 7, 7, 7], [7, 7, 7, 7, 7, 7, 7, 7, 7, 7, 7, 7, 7, 7], [7, 7, 7, 7, 7, 7, 7, 7, 7, 7, 7, 7, 7, 7], [7, 7, 7, 7, 7, 7, 7, 7, 7, 7, 7, 7, 7, 7]]
Actual Output:
[[7, 7, 7, 7, 7, 7, 7, 7, 7, 7, 7, 7, 7, 7], [7, 7, 7, 7, 7, 7, 7, 7, 7, 7, 7, 7, 7, 7], [7, 7, 7, 7, 7, 7, 7, 7, 7, 7, 7, 7, 7, 7], [7, 7, 7, 7, 7, 7, 7, 7, 7, 7, 7, 7, 7, 7]]
Correct: True
Input:
[[0, 0, 7, 7, 7, 7, 7, 7, 7], [0, 0, 7, 7, 7, 7, 7, 7, 7], [0, 0, 7, 7, 7, 7, 7, 7, 7], [0, 0, 7, 7, 7, 7, 7, 7, 7]]
Expected Output:
[[0, 0, 0, 0, 7, 7, 7, 7, 7, 7, 7, 7, 7, 7, 7, 7, 7, 7], [0, 0, 0, 0, 7, 7, 7, 7, 7, 7, 7, 7, 7, 7, 7, 7, 7, 7], [0, 0, 0, 0, 7, 7, 7, 7, 7, 7, 7, 7, 7, 7, 7, 7, 7, 7], [0, 0, 0, 0, 7, 7, 7, 7, 7, 7, 7, 7, 7, 7, 7, 7, 7, 7]]
Actual Output:
[[0, 0, 0, 0, 7, 7, 7, 7, 7, 7, 7, 7, 7, 7, 7, 7, 7, 7], [0, 0, 0, 0, 7, 7, 7, 7, 7, 7, 7, 7, 7, 7, 7, 7, 7, 7], [0, 0, 0, 0, 7, 7, 7, 7, 7, 7, 7, 7, 7, 7, 7, 7, 7, 7], [0, 0, 0, 0, 7, 7, 7, 7, 7, 7, 7, 7, 7, 7, 7, 7, 7, 7]]
Correct: True
Input:
[[6, 6, 6, 6, 8, 8, 8, 8, 6, 6, 6, 6], [6, 6, 6, 6, 8, 8, 8, 8, 6, 6, 6, 6], [6, 6, 6, 6, 8, 8, 8, 8, 6, 6, 6, 6], [6, 6, 6, 6, 8, 8, 8, 8, 6, 6, 6, 6], [6, 6, 6, 6, 8, 8, 8, 8, 6, 6, 6, 6]]
Expected Output:
[[6, 6, 6, 6, 6, 6, 6, 6, 8, 8, 8, 8, 8, 8, 8, 8, 6, 6, 6, 6, 6, 6, 6, 6], [6, 6, 6, 6, 6, 6, 6, 6, 8, 8, 8, 8, 8, 8, 8, 8, 6, 6, 6, 6, 6, 6, 6, 6], [6, 6, 6, 6, 6, 6, 6, 6, 8, 8, 8, 8, 8, 8, 8, 8, 6, 6, 6, 6, 6, 6, 6, 6], [6, 6, 6, 6, 6, 6, 6, 6, 8, 8, 8, 8, 8, 8, 8, 8, 6, 6, 6, 6, 6, 6, 6, 6], [6, 6, 6, 6, 6, 6, 6, 6, 8, 8, 8, 8, 8, 8, 8, 8, 6, 6, 6, 6, 6, 6, 6, 6]]
Actual Output:
[[6, 6, 6, 6, 6, 6, 6, 6, 8, 8, 8, 8, 8, 8, 8, 8, 6, 6, 6, 6, 6, 6, 6, 6], [6, 6, 6, 6, 6, 6, 6, 6, 8, 8, 8, 8, 8, 8, 8, 8, 6, 6, 6, 6, 6, 6, 6, 6], [6, 6, 6, 6, 6, 6, 6, 6, 8, 8, 8, 8, 8, 8, 8, 8, 6, 6, 6, 6, 6, 6, 6, 6], [6, 6, 6, 6, 6, 6, 6, 6, 8, 8, 8, 8, 8, 8, 8, 8, 6, 6, 6, 6, 6, 6, 6, 6], [6, 6, 6, 6, 6, 6, 6, 6, 8, 8, 8, 8, 8, 8, 8, 8, 6, 6, 6, 6, 6, 6, 6, 6]]
Correct: True