  [[0, 0, 0, 0, 0, 0, 0, 0, 0],
   [0, 0, 0, 0, 0, 0, 0, 0, 0],
   [0, 0, 0, 0, 0, 0, 0, 0, 0],
   [0, 0, 0, 0, 0, 0, 0, 0, 0],
   [0, 0, 0, 0, 9, 0, 0, 0, 0],
   [0, 0, 0, 0, 0, 0, 0, 0, 0],
   [0, 0, 0, 0, 0, 0, 0, 0, 0],
   [0, 0, 0, 0, 0, 0, 0, 0, 0],
   [0, 0, 0, 0, 0, 0, 0, 0, 0]]
  ```
- **Expected Output:**
  ```
  [[0, 0, 0, 0, 0, 0, 0, 0, 0],
   [0, 0, 0, 0, 0, 0, 0, 0, 0],
   [0, 0, 0, 0, 0, 0, 0, 0, 0],
   [0, 0, 0, 0, 0, 0, 0, 0, 0],
   [0, 0, 0, 0, 9, 0, 0, 0, 0],
   [0, 0, 0, 0, 0, 0, 0, 0, 0],
   [0, 0, 0, 0, 0, 0, 0, 0, 0],
   [0, 0, 0, 0, 0, 0, 0, 0, 0],
   [0, 0, 0, 0, 0, 0, 0, 0, 0]]
  ```
- **Function Output:**
  ```
  [[0, 0, 0, 0, 0, 0, 0, 0, 0],
   [0, 0, 0, 0, 0, 0, 0, 0, 0],
   [0, 0, 0, 0, 0, 0, 0, 0, 0],
   [0, 0, 0, 0, 0, 0, 0, 0, 0],
   [0, 0, 0, 0, 9, 0, 0, 0, 0],
   [0, 0, 0, 0, 0, 0, 0, 0, 0],
   [0, 0, 0, 0, 0, 0, 0, 0, 0],
   [0, 0, 0, 0, 0, 0, 0, 0, 0],
   [0, 0, 0, 0, 0, 0, 0, 0, 0]]
  ```
- **Result:** The function performed as described and expected.

**Example 1:**

- **Input:**
  ```
  [[0, 0, 0, 0, 0, 0, 0, 0, 0],
   [0, 0, 0, 0, 0, 0, 0, 0, 0],
   [0, 0, 0, 0, 0, 0, 0, 0, 0],
   [0, 0, 0, 0, 0, 0, 0, 0, 0],
   [0, 0, 0, 0, 9, 0, 0, 0, 0],
   [0, 0, 0, 0, 0, 0, 0, 0, 0],
   [0, 0, 0, 0, 0, 0, 0, 0, 0],
   [0, 0, 0, 0, 0, 0, 0, 0, 0],
   [0, 0, 0, 0, 0, 0, 0, 0, 9]]
  ```
- **Expected Output:**
  ```
  [[9, 0, 0, 0, 0, 0, 0, 0, 0],
   [0, 0, 0, 0, 0, 0, 0, 0, 0],
   [0, 0, 0, 0, 0, 0, 0, 0, 0],
   [0, 0, 0, 0, 0, 0, 0, 0, 0],
   [0, 0, 0, 0, 9, 0, 0, 0, 0],
   [0, 0, 0, 0, 0, 0, 0, 0, 0],
   [0, 0, 0, 0, 0, 0, 0, 0, 0],
   [0, 0, 0, 0, 0, 0, 0, 0, 0],
   [0, 0, 0, 0, 0, 0, 0, 0, 0]]
  ```
- **Function Output:**
  ```
  [[9, 0, 0, 0, 0, 0, 0, 0, 0],
   [0, 0, 0, 0, 0, 0, 0, 0, 0],
   [0, 0, 0, 0, 0, 0, 0, 0, 0],
   [0, 0, 0, 0, 0, 0, 0, 0, 0],
   [0, 0, 0, 0, 9, 0, 0, 0, 0],
   [0, 0, 0, 0, 0, 0, 0, 0, 0],
   [0, 0, 0, 0, 0, 0, 0, 0, 0],
   [0, 0, 0, 0, 0, 0, 0, 0, 0],
   [0, 0, 0, 0, 0, 0, 0, 0, 0]]
  ```
- **Result:** The function performed as described and expected.

**Example 2:**

- **Input:**
  ```
  [[0, 0, 0, 0, 0, 0, 0, 0, 9],
   [0, 0, 0, 0, 0, 0, 0, 0, 0],
   [0, 0, 0, 0, 0, 0, 0, 0, 0],
   [0, 0, 0, 0, 0, 0, 0, 0, 0],
   [9, 0, 0, 0, 9, 0, 0, 0, 0],
   [0, 0, 0, 0, 0, 0, 0, 0, 0],
   [0, 0, 0, 0, 0, 0, 0, 0, 0],
   [0, 0, 0, 0, 0, 0, 0, 0, 0],
   [0, 0, 0, 0, 0, 0, 0, 0, 0]]
  ```
- **Expected Output:**
  ```
  [[0, 0, 0, 0, 0, 0, 0, 0, 0],
   [0, 0, 0, 0, 0, 0, 0, 0, 0],
   [0, 0, 0, 0, 0, 0, 0, 0, 0],
   [0, 0, 0, 0, 0, 0, 0, 0, 0],
   [0, 0, 0, 0, 9, 0, 0, 0, 9],
   [0, 0, 0, 0, 0, 0, 0, 0, 0],
   [0, 0, 0, 0, 0, 0, 0, 0, 0],
   [0, 0, 0, 0, 0, 0, 0, 0, 0],
   [9, 0, 0, 0, 0, 0, 0, 0, 0]]
  ```
- **Function Output:**
  ```
  [[9, 0, 0, 0, 0, 0, 0, 0, 0],
   [0, 0, 0, 0, 0, 0, 0, 0, 0],
   [0, 0, 0, 0, 0, 0, 0, 0, 0],
   [0, 0, 0, 0, 0, 0, 0, 0, 0],
   [0, 0, 0, 0, 9, 0, 0, 0, 9],
   [0, 0, 0, 0, 0, 0, 0, 0, 0],
   [0, 0, 0, 0, 0, 0, 0, 0, 0],
   [0, 0, 0, 0, 0, 0, 0, 0, 0],
   [0, 0, 0, 0, 0, 0, 0, 0, 0]]
  ```
- **Result:** The function performed as described. The result is that the
  input and function output are rotated 90 degrees clockwise

**YAML Facts:**
