Input Grid:
[[5 5 5 5]
 [5 0 5 5]
 [0 0 0 0]
 [5 0 5 5]
 [5 5 5 5]
 [5 0 5 5]
 [5 0 5 5]
 [5 0 5 5]
 [5 5 5 5]
 [5 0 5 5]
 [0 0 0 0]
 [5 0 5 5]
 [5 5 5 5]
 [5 5 5 5]]
Expected Output:
[[0 2 0]
 [2 4 2]
 [0 2 0]]
Actual Output:
[[0 2 0]
 [2 4 2]
 [0 2 0]]
Match: True
--------------------
Input Grid:
[[5 5 5 5 5 5 5 5 5 5 5]
 [5 5 5 5 5 5 5 5 5 5 5]
 [5 5 5 5 5 5 5 5 5 5 5]
 [5 5 5 0 0 0 0 0 5 5 5]
 [5 5 5 5 5 5 5 5 5 5 5]
 [5 5 5 5 5 5 5 5 5 5 5]
 [5 5 5 5 5 5 5 5 5 5 5]]
Expected Output:
[[0 0 0]
 [0 2 0]
 [0 0 0]]
Actual Output:
[[0 0 0]
 [0 2 0]
 [0 0 0]]
Match: True
--------------------
Input Grid:
[[5 5 5 5 5 5]
 [5 5 5 5 5 5]
 [5 5 5 5 5 5]
 [5 5 0 5 5 5]
 [5 5 0 5 5 5]
 [5 5 0 5 5 5]
 [5 5 0 5 5 5]
 [5 5 5 5 5 5]
 [5 5 5 5 5 5]]
Expected Output:
[[0 0 0]
 [0 4 0]
 [0 0 0]]
Actual Output:
[[0 0 0]
 [0 4 0]
 [0 0 0]]
Match: True
--------------------
Input Grid:
[[5 5 5 5 5 5 5 5]
 [5 5 5 5 5 5 5 5]
 [5 5 5 5 5 5 5 5]
 [5 5 5 0 5 5 5 5]
 [5 5 5 5 5 5 5 5]
 [5 5 5 5 5 5 5 5]
 [5 5 5 5 5 5 5 5]]
Expected Output:
[[0 0 0]
 [0 0 0]
 [0 0 0]]
Actual Output:
[[0 0 0]
 [0 0 0]
 [0 0 0]]
Match: True
--------------------
Input Grid:
[[0 5 5 5 5 5]
 [5 5 5 5 5 5]
 [5 5 5 5 5 5]
 [5 5 5 5 5 5]]
Expected Output:
[[0 0 0]
 [0 0 0]
 [0 0 0]]
Actual Output:
[[4 4 4]
 [4 4 4]
 [4 4 4]]
Match: False
--------------------