task_data = {
    "train": [
        {
            "input": [[5, 5, 5], [5, 5, 5], [5, 5, 5]],
            "output": [
                [5, 5, 5, 0, 0, 0, 5, 5, 5],
                [5, 5, 5, 0, 0, 0, 5, 5, 5],
                [5, 5, 5, 0, 0, 0, 5, 5, 5],
                [0, 0, 0, 0, 0, 0, 0, 0, 0],
                [0, 0, 0, 0, 0, 0, 0, 0, 0],
                [0, 0, 0, 0, 0, 0, 0, 0, 0],
                [5, 5, 5, 0, 0, 0, 5, 5, 5],
                [5, 5, 5, 0, 0, 0, 5, 5, 5],
                [5, 5, 5, 0, 0, 0, 5, 5, 5],
            ],
        },
        {
            "input": [[7, 7, 7, 7, 7, 7], [7, 7, 7, 7, 7, 7], [7, 7, 7, 7, 7, 7], [7, 7, 7, 7, 7, 7], [7, 7, 7, 7, 7, 7], [7, 7, 7, 7, 7, 7]],
            "output": [
                [7, 7, 7, 7, 7, 7, 0, 0, 0, 0, 0, 0, 7, 7, 7, 7, 7, 7],
                [7, 7, 7, 7, 7, 7, 0, 0, 0, 0, 0, 0, 7, 7, 7, 7, 7, 7],
                [7, 7, 7, 7, 7, 7, 0, 0, 0, 0, 0, 0, 7, 7, 7, 7, 7, 7],
                [7, 7, 7, 7, 7, 7, 0, 0, 0, 0, 0, 0, 7, 7, 7, 7, 7, 7],
                [7, 7, 7, 7, 7, 7, 0, 0, 0, 0, 0, 0, 7, 7, 7, 7, 7, 7],
                [7, 7, 7, 7, 7, 7, 0, 0, 0, 0, 0, 0, 7, 7, 7, 7, 7, 7],
                [0, 0, 0, 0, 0, 0, 0, 0, 0, 0, 0, 0, 0, 0, 0, 0, 0, 0],
                [0, 0, 0, 0, 0, 0, 0, 0, 0, 0, 0, 0, 0, 0, 0, 0, 0, 0],
                [0, 0, 0, 0, 0, 0, 0, 0, 0, 0, 0, 0, 0, 0, 0, 0, 0, 0],
                [0, 0, 0, 0, 0, 0, 0, 0, 0, 0, 0, 0, 0, 0, 0, 0, 0, 0],
                [0, 0, 0, 0, 0, 0, 0, 0, 0, 0, 0, 0, 0, 0, 0, 0, 0, 0],
                [0, 0, 0, 0, 0, 0, 0, 0, 0, 0, 0, 0, 0, 0, 0, 0, 0, 0],
                [7, 7, 7, 7, 7, 7, 0, 0, 0, 0, 0, 0, 7, 7, 7, 7, 7, 7],
                [7, 7, 7, 7, 7, 7, 0, 0, 0, 0, 0, 0, 7, 7, 7, 7, 7, 7],
                [7, 7, 7, 7, 7, 7, 0, 0, 0, 0, 0, 0, 7, 7, 7, 7, 7, 7],
                [7, 7, 7, 7, 7, 7, 0, 0, 0, 0, 0, 0, 7, 7, 7, 7, 7, 7],
                [7, 7, 7, 7, 7, 7, 0, 0, 0, 0, 0, 0, 7, 7, 7, 7, 7, 7],
                [7, 7, 7, 7, 7, 7, 0, 0, 0, 0, 0, 0, 7, 7, 7, 7, 7, 7],
            ],
        },
        {
            "input": [[2, 2, 2, 2], [2, 2, 2, 2], [2, 2, 2, 2], [2, 2, 2, 2]],
            "output": [
                [2, 2, 2, 2, 0, 0, 0, 0, 2, 2, 2, 2],
                [2, 2, 2, 2, 0, 0, 0, 0, 2, 2, 2, 2],
                [2, 2, 2, 2, 0, 0, 0, 0, 2, 2, 2, 2],
                [2, 2, 2, 2, 0, 0, 0, 0, 2, 2, 2, 2],
                [0, 0, 0, 0, 0, 0, 0, 0, 0, 0, 0, 0],
                [0, 0, 0, 0, 0, 0, 0, 0, 0, 0, 0, 0],
                [0, 0, 0, 0, 0, 0, 0, 0, 0, 0, 0, 0],
                [0, 0, 0, 0, 0, 0, 0, 0, 0, 0, 0, 0],
                [2, 2, 2, 2, 0, 0, 0, 0, 2, 2, 2, 2],
                [2, 2, 2, 2, 0, 0, 0, 0, 2, 2, 2, 2],
                [2, 2, 2, 2, 0, 0, 0, 0, 2, 2, 2, 2],
                [2, 2, 2, 2, 0, 0, 0, 0, 2, 2, 2, 2],
            ],
        },
    ]
}

for i, example in enumerate(task_data['train']):
    input_grid = example['input']
    output_grid = example['output']
    input_height = len(input_grid)
    input_width = len(input_grid[0]) if input_height > 0 else 0
    output_height = len(output_grid)
    output_width = len(output_grid[0]) if output_height > 0 else 0
    print(f"Example {i+1}:")
    print(f"  Input:  Height={input_height}, Width={input_width}")
    print(f"  Output: Height={output_height}, Width={output_width}")