task_id: 55826771
Example 1:
Input:
 [[0 0 0 0 0 0 0 0 0 0]
 [0 0 0 0 0 0 0 0 0 0]
 [0 0 0 0 0 0 0 0 0 0]
 [0 0 0 0 0 0 0 0 0 0]
 [0 0 0 4 0 0 0 0 0 0]
 [0 0 0 0 0 0 0 0 0 0]
 [0 0 0 0 0 0 0 8 0 0]
 [0 0 0 0 0 0 0 0 0 0]
 [0 0 0 0 0 0 6 0 0 0]
 [0 0 0 0 0 0 0 0 0 0]]
Predicted Output:
 [[4 8 6]
 [0 0 0]
 [0 0 0]]
Expected Output:
 [[4 8 6]
 [0 0 0]
 [0 0 0]]
Match: True
--------------------
Example 2:
Input:
 [[0 0 0 0 0 0 0 0 0 0]
 [0 0 0 0 0 0 0 0 0 0]
 [0 0 0 0 0 0 0 0 0 0]
 [0 0 0 0 0 0 0 0 0 0]
 [0 0 0 0 0 0 0 0 0 0]
 [0 0 0 0 3 0 0 0 0 0]
 [0 0 0 0 0 0 0 0 0 0]
 [0 0 0 7 0 0 0 0 0 0]
 [0 0 0 0 0 0 0 0 0 0]
 [0 0 0 0 0 0 0 0 0 0]]
Predicted Output:
 [[3 7 0]
 [0 0 0]
 [0 0 0]]
Expected Output:
 [[3 7 0]
 [0 0 0]
 [0 0 0]]
Match: True
--------------------
Example 3:
Input:
 [[0 0 0 0 0 0 0 0 0 0]
 [0 0 0 0 0 0 0 0 0 0]
 [0 0 0 0 0 0 0 0 0 0]
 [0 0 0 0 0 0 0 0 0 0]
 [0 0 0 0 0 0 0 0 0 0]
 [0 0 0 0 0 5 0 0 0 0]
 [0 0 0 0 0 0 0 0 0 0]
 [0 0 0 0 0 0 0 0 0 0]
 [0 0 0 0 0 0 0 0 0 0]
 [0 0 0 9 0 0 0 0 0 0]]
Predicted Output:
 [[9 5 0]
 [0 0 0]
 [0 0 0]]
Expected Output:
 [[9 5 0]
 [0 0 0]
 [0 0 0]]
Match: True
--------------------