    [[0, 0, 0, 0, 0, 0, 0, 0, 0, 0],
     [0, 0, 0, 0, 0, 0, 0, 0, 0, 0],
     [0, 0, 0, 0, 0, 0, 0, 0, 0, 0],
     [0, 0, 0, 7, 7, 7, 7, 7, 0, 0],
     [0, 0, 0, 7, 7, 7, 7, 7, 0, 0],
     [0, 0, 0, 7, 7, 7, 7, 7, 0, 0],
     [0, 0, 0, 7, 7, 0, 7, 7, 0, 0],
     [0, 0, 0, 7, 7, 7, 7, 7, 0, 0],
     [0, 0, 0, 0, 0, 0, 0, 0, 0, 0],
     [0, 0, 0, 0, 0, 0, 0, 0, 0, 0]]
    ```
*   **Expected Output:**
    ```
    [[0, 0, 0, 0, 0, 0, 0, 0, 0, 0],
     [0, 0, 0, 0, 0, 0, 0, 0, 0, 0],
     [0, 0, 0, 0, 0, 0, 0, 0, 0, 0],
     [0, 0, 0, 7, 7, 7, 7, 7, 0, 0],
     [0, 0, 0, 7, 7, 7, 7, 7, 0, 0],
     [0, 0, 0, 7, 7, 7, 7, 7, 0, 0],
     [0, 0, 0, 7, 7, 0, 7, 7, 0, 0],
     [0, 0, 0, 7, 7, 7, 7, 7, 0, 0],
     [0, 0, 0, 0, 0, 0, 0, 0, 0, 0],
     [0, 0, 0, 0, 0, 0, 0, 0, 0, 0]]
    ```
*   **Actual Output:** (Correct)
    ```
    [[0, 0, 0, 0, 0, 0, 0, 0, 0, 0],
     [0, 0, 0, 0, 0, 0, 0, 0, 0, 0],
     [0, 0, 0, 0, 0, 0, 0, 0, 0, 0],
     [0, 0, 0, 7, 7, 7, 7, 7, 0, 0],
     [0, 0, 0, 7, 7, 7, 7, 7, 0, 0],
     [0, 0, 0, 7, 7, 7, 7, 7, 0, 0],
     [0, 0, 0, 7, 7, 0, 7, 7, 0, 0],
     [0, 0, 0, 7, 7, 7, 7, 7, 0, 0],
     [0, 0, 0, 0, 0, 0, 0, 0, 0, 0],
     [0, 0, 0, 0, 0, 0, 0, 0, 0, 0]]
    ```

**Example 2:**

*   **Input:**
    ```
    [[0, 0, 0, 0, 0, 0, 0, 0, 0, 0],
     [0, 0, 0, 0, 0, 0, 0, 0, 0, 0],
     [0, 0, 0, 0, 0, 0, 0, 0, 0, 0],
     [0, 0, 0, 7, 7, 7, 7, 7, 0, 0],
     [0, 0, 0, 7, 7, 7, 7, 7, 0, 0],
     [0, 0, 0, 7, 7, 7, 7, 7, 0, 0],
     [0, 0, 0, 7, 7, 7, 7, 7, 0, 0],
     [0, 0, 0, 7, 7, 0, 7, 7, 0, 0],
     [0, 0, 0, 0, 0, 0, 0, 0, 0, 0],
     [0, 0, 0, 0, 0, 0, 0, 0, 0, 0]]
    ```
*   **Expected Output:**
    ```
    [[0, 0, 0, 0, 0, 0, 0, 0, 0, 0],
     [0, 0, 0, 0, 0, 0, 0, 0, 0, 0],
     [0, 0, 0, 0, 0, 0, 0, 0, 0, 0],
     [0, 0, 0, 7, 7, 7, 7, 7, 0, 0],
     [0, 0, 0, 7, 7, 7, 7, 7, 0, 0],
     [0, 0, 0, 7, 7, 7, 7, 7, 0, 0],
     [0, 0, 0, 7, 7, 7, 7, 7, 0, 0],
     [0, 0, 0, 7, 7, 0, 7, 7, 0, 0],
     [0, 0, 0, 0, 0, 0, 0, 0, 0, 0],
     [0, 0, 0, 0, 0, 0, 0, 0, 0, 0]]

    ```
*   **Actual Output:** (Correct)
    ```
     [[0, 0, 0, 0, 0, 0, 0, 0, 0, 0],
     [0, 0, 0, 0, 0, 0, 0, 0, 0, 0],
     [0, 0, 0, 0, 0, 0, 0, 0, 0, 0],
     [0, 0, 0, 7, 7, 7, 7, 7, 0, 0],
     [0, 0, 0, 7, 7, 7, 7, 7, 0, 0],
     [0, 0, 0, 7, 7, 7, 7, 7, 0, 0],
     [0, 0, 0, 7, 7, 7, 7, 7, 0, 0],
     [0, 0, 0, 7, 7, 0, 7, 7, 0, 0],
     [0, 0, 0, 0, 0, 0, 0, 0, 0, 0],
     [0, 0, 0, 0, 0, 0, 0, 0, 0, 0]]
    ```

**Example 3:**

*   **Input:**
     ```
    [[0, 0, 0, 0, 0, 0, 0, 0, 0, 0],
     [0, 0, 0, 0, 0, 0, 0, 0, 0, 0],
     [0, 0, 4, 4, 4, 4, 4, 0, 0, 0],
     [0, 0, 4, 4, 4, 4, 4, 0, 0, 0],
     [0, 0, 4, 4, 0, 4, 4, 0, 0, 0],
     [0, 0, 4, 4, 4, 4, 4, 0, 0, 0],
     [0, 0, 4, 4, 4, 4, 4, 0, 0, 0],
     [0, 0, 0, 0, 0, 0, 0, 0, 0, 0],
     [0, 0, 0, 0, 0, 0, 0, 0, 0, 0],
     [0, 0, 0, 0, 0, 0, 0, 0, 0, 0]]
    ```
*   **Expected Output:**
    ```
    [[0, 0, 0, 0, 0, 0, 0, 0, 0, 0],
     [0, 0, 0, 0, 0, 0, 0, 0, 0, 0],
     [0, 0, 4, 4, 4, 4, 4, 0, 0, 0],
     [0, 0, 4, 4, 4, 4, 4, 0, 0, 0],
     [0, 0, 4, 4, 0, 4, 4, 0, 0, 0],
     [0, 0, 4, 4, 4, 4, 4, 0, 0, 0],
     [0, 0, 4, 4, 4, 4, 4, 0, 0, 0],
     [0, 0, 0, 0, 0, 0, 0, 0, 0, 0],
     [0, 0, 0, 0, 0, 0, 0, 0, 0, 0],
     [0, 0, 0, 0, 0, 0, 0, 0, 0, 0]]
    ```
*   **Actual Output:** (Correct)
     ```
    [[0, 0, 0, 0, 0, 0, 0, 0, 0, 0],
     [0, 0, 0, 0, 0, 0, 0, 0, 0, 0],
     [0, 0, 4, 4, 4, 4, 4, 0, 0, 0],
     [0, 0, 4, 4, 4, 4, 4, 0, 0, 0],
     [0, 0, 4, 4, 0, 4, 4, 0, 0, 0],
     [0, 0, 4, 4, 4, 4, 4, 0, 0, 0],
     [0, 0, 4, 4, 4, 4, 4, 0, 0, 0],
     [0, 0, 0, 0, 0, 0, 0, 0, 0, 0],
     [0, 0, 0, 0, 0, 0, 0, 0, 0, 0],
     [0, 0, 0, 0, 0, 0, 0, 0, 0, 0]]
    ```

**Example 4:**

*   **Input:**
    ```
    [[0, 0, 0, 0, 0, 0, 0, 0, 0],
     [0, 0, 0, 0, 4, 0, 0, 0, 0],
     [0, 0, 0, 4, 4, 4, 0, 0, 0],
     [0, 0, 4, 4, 4, 4, 4, 0, 0],
     [0, 4, 4, 4, 4, 4, 4, 4, 0],
     [0, 0, 4, 4, 4, 4, 4, 0, 0],
     [0, 0, 0, 4, 4, 4, 0, 0, 0],
     [0, 0, 0, 0, 4, 0, 0, 0, 0],
     [0, 0, 0, 0, 0, 0, 0, 0, 0]]
    ```
*   **Expected Output:**
    ```
    [[0, 0, 0, 0, 0, 0, 0, 0, 0],
     [0, 0, 0, 0, 4, 0, 0, 0, 0],
     [0, 0, 0, 4, 4, 4, 0, 0, 0],
     [0, 0, 4, 4, 4, 4, 4, 0, 0],
     [0, 4, 4, 4, 4, 4, 4, 4, 0],
     [0, 0, 4, 4, 4, 4, 4, 0, 0],
     [0, 0, 0, 4, 4, 4, 0, 0, 0],
     [0, 0, 0, 0, 4, 0, 0, 0, 0],
     [0, 0, 0, 0, 0, 0, 0, 0, 0]]
    ```
*   **Actual Output:** (Correct)
    ```
     [[0, 0, 0, 0, 0, 0, 0, 0, 0],
     [0, 0, 0, 0, 4, 0, 0, 0, 0],
     [0, 0, 0, 4, 4, 4, 0, 0, 0],
     [0, 0, 4, 4, 4, 4, 4, 0, 0],
     [0, 4, 4, 4, 4, 4, 4, 4, 0],
     [0, 0, 4, 4, 4, 4, 4, 0, 0],
     [0, 0, 0, 4, 4, 4, 0, 0, 0],
     [0, 0, 0, 0, 4, 0, 0, 0, 0],
     [0, 0, 0, 0, 0, 0, 0, 0, 0]]
    ```

**Example 5:**
*   **Input:**
     ```
    [[0, 0, 0, 0, 0, 0, 0, 0, 0, 0],
     [0, 0, 0, 0, 6, 0, 0, 0, 0, 0],
     [0, 0, 0, 6, 6, 6, 0, 0, 0, 0],
     [0, 0, 6, 6, 0, 6, 6, 0, 0, 0],
     [0, 6, 6, 0, 0, 0, 6, 6, 0, 0],
     [0, 0, 6, 6, 0, 6, 6, 0, 0, 0],
     [0, 0, 0, 6, 6, 6, 0, 0, 0, 0],
     [0, 0, 0, 0, 6, 0, 0, 0, 0, 0],
     [0, 0, 0, 0, 0, 0, 0, 0, 0, 0],
     [0, 0, 0, 0, 0, 0, 0, 0, 0, 0]]
    ```

*   **Expected Output:**
   ```
    [[0, 0, 0, 0, 0, 0, 0, 0, 0, 0],
     [0, 0, 0, 0, 6, 0, 0, 0, 0, 0],
     [0, 0, 0, 6, 6, 6, 0, 0, 0, 0],
     [0, 0, 6, 6, 0, 6, 6, 0, 0, 0],
     [0, 6, 6, 0, 0, 0, 6, 6, 0, 0],
     [0, 0, 6, 6, 0, 6, 6, 0, 0, 0],
     [0, 0, 0, 6, 6, 6, 0, 0, 0, 0],
     [0, 0, 0, 0, 6, 0, 0, 0, 0, 0],
     [0, 0, 0, 0, 0, 0, 0, 0, 0, 0],
     [0, 0, 0, 0, 0, 0, 0, 0, 0, 0]]
    ```
*   **Actual Output:** (Correct)
     ```
    [[0, 0, 0, 0, 0, 0, 0, 0, 0, 0],
     [0, 0, 0, 0, 6, 0, 0, 0, 0, 0],
     [0, 0, 0, 6, 6, 6, 0, 0, 0, 0],
     [0, 0, 6, 6, 0, 6, 6, 0, 0, 0],
     [0, 6, 6, 0, 0, 0, 6, 6, 0, 0],
     [0, 0, 6, 6, 0, 6, 6, 0, 0, 0],
     [0, 0, 0, 6, 6, 6, 0, 0, 0, 0],
     [0, 0, 0, 0, 6, 0, 0, 0, 0, 0],
     [0, 0, 0, 0, 0, 0, 0, 0, 0, 0],
     [0, 0, 0, 0, 0, 0, 0, 0, 0, 0]]
    ```
The program works for all training examples.
It seems that the initial assessment about removing interior shapes was not necessary.
It might be sufficient to identify contiguous shapes and reproduce them in the output.

**YAML Facts**
