Input:
[[0, 0, 0, 0, 0, 0, 0, 0],
 [0, 0, 0, 0, 0, 0, 0, 0],
 [0, 0, 0, 0, 0, 0, 0, 0],
 [0, 0, 0, 0, 0, 0, 6, 0],
 [0, 0, 0, 0, 0, 6, 6, 0],
 [0, 0, 0, 0, 6, 6, 0, 0],
 [0, 0, 0, 0, 0, 0, 0, 0]]
Output:
[[0, 0, 0, 0, 0, 0, 0, 0],
 [0, 0, 0, 0, 0, 0, 0, 0],
 [0, 0, 0, 0, 0, 0, 0, 0],
 [0, 0, 0, 0, 0, 0, 0, 0],
 [0, 0, 0, 0, 0, 2, 2, 0],
 [0, 0, 0, 0, 2, 3, 0, 0],
 [0, 0, 0, 0, 0, 0, 0, 0]]
Predicted:
[[0, 0, 0, 0, 0, 0, 0, 0],
 [0, 0, 0, 0, 0, 0, 0, 0],
 [0, 0, 0, 0, 0, 0, 0, 0],
 [0, 0, 0, 0, 0, 0, 2, 0],
 [0, 0, 0, 0, 0, 2, 2, 0],
 [0, 0, 0, 0, 2, 3, 0, 0],
 [0, 0, 0, 0, 0, 0, 0, 0]]
