import numpy as np

# Define the grids from the training examples
train_pairs = [
    {
        "input": np.array([[5, 5, 5, 5, 5],
                           [5, 0, 0, 0, 5],
                           [5, 0, 0, 0, 5],
                           [5, 0, 0, 0, 5],
                           [5, 5, 5, 5, 5]]),
        "output": np.array([[2, 2, 2, 2, 2],
                            [2, 2, 2, 2, 2],
                            [2, 2, 4, 2, 2],
                            [2, 2, 2, 2, 2],
                            [2, 2, 2, 2, 2]])
    },
    {
        "input": np.array([[5, 5, 5, 5, 5, 5, 5],
                           [5, 5, 0, 0, 0, 5, 5],
                           [5, 0, 0, 0, 0, 0, 5],
                           [5, 0, 0, 0, 0, 0, 5],
                           [5, 5, 0, 0, 0, 5, 5],
                           [5, 5, 5, 5, 5, 5, 5]]),
        "output": np.array([[2, 2, 2, 2, 2, 2, 2],
                            [2, 2, 0, 0, 0, 2, 2],
                            [2, 0, 0, 4, 0, 0, 2],
                            [2, 0, 0, 0, 0, 0, 2],
                            [2, 2, 0, 0, 0, 2, 2],
                            [2, 2, 2, 2, 2, 2, 2]])
    },
    {
        "input": np.array([[5, 5, 5, 5, 5, 5, 5, 5, 5],
                           [5, 5, 5, 0, 0, 0, 5, 5, 5],
                           [5, 5, 0, 0, 0, 0, 0, 5, 5],
                           [5, 0, 0, 0, 0, 0, 0, 0, 5],
                           [5, 0, 0, 0, 0, 0, 0, 0, 5],
                           [5, 5, 0, 0, 0, 0, 0, 5, 5],
                           [5, 5, 5, 0, 0, 0, 5, 5, 5],
                           [5, 5, 5, 5, 5, 5, 5, 5, 5]]),
        "output": np.array([[2, 2, 2, 2, 2, 2, 2, 2, 2],
                            [2, 2, 2, 0, 0, 0, 2, 2, 2],
                            [2, 2, 0, 0, 0, 0, 0, 2, 2],
                            [2, 0, 0, 0, 4, 0, 0, 0, 2],
                            [2, 0, 0, 0, 0, 0, 0, 0, 2],
                            [2, 2, 0, 0, 0, 0, 0, 2, 2],
                            [2, 2, 2, 0, 0, 0, 2, 2, 2],
                            [2, 2, 2, 2, 2, 2, 2, 2, 2]])
    }
]
for i, pair in enumerate(train_pairs):
  input_grid = pair["input"]
  output_grid = pair["output"]
  print(f"Example {i+1}:")
  print(f"  Input shape: {input_grid.shape}")
  print(f"  Output shape: {output_grid.shape}")