import numpy as np

def analyze_grids(input_grid, output_grid):
    input_grid = np.array(input_grid)
    output_grid = np.array(output_grid)
    input_dims = input_grid.shape
    output_dims = output_grid.shape
    input_colors = np.unique(input_grid).tolist()
    output_colors = np.unique(output_grid).tolist()
    correctness = np.sum(output_grid == 4) / output_grid.size if output_grid.size >0 else 0

    return {
        "input_dims": input_dims,
        "output_dims": output_dims,
        "input_colors": input_colors,
        "output_colors": output_colors,
        "correctness": correctness,
    }

task_data = {
    "train": [
        {
            "input": [[0, 0, 0, 0, 0, 0, 0, 0, 0], [0, 5, 5, 5, 0, 0, 0, 0, 0], [0, 5, 5, 5, 0, 0, 0, 0, 0], [0, 5, 5, 5, 0, 0, 0, 0, 0], [0, 0, 0, 0, 0, 0, 0, 0, 0], [0, 0, 0, 0, 0, 4, 4, 4, 0], [0, 0, 0, 0, 0, 4, 4, 4, 0], [0, 0, 0, 0, 0, 4, 4, 4, 0], [0, 0, 0, 0, 0, 0, 0, 0, 0]],
            "output": [[4, 4, 4, 4, 4, 4, 4, 4, 4], [4, 4, 4, 4, 4, 4, 4, 4, 4], [4, 4, 4, 4, 4, 4, 4, 4, 4], [4, 4, 4, 4, 4, 4, 4, 4, 4], [4, 4, 4, 4, 4, 4, 4, 4, 4], [4, 4, 4, 4, 4, 4, 4, 4, 4], [4, 4, 4, 4, 4, 4, 4, 4, 4], [4, 4, 4, 4, 4, 4, 4, 4, 4], [4, 4, 4, 4, 4, 4, 4, 4, 4]],
        },
        {
            "input": [[0, 0, 0, 0, 0, 0, 0, 0, 0], [0, 0, 0, 0, 0, 0, 0, 8, 0], [0, 0, 0, 0, 0, 0, 0, 8, 0], [0, 0, 0, 0, 0, 0, 0, 8, 0], [0, 0, 0, 0, 0, 0, 0, 0, 0], [0, 5, 0, 0, 0, 0, 0, 0, 0], [0, 5, 0, 0, 0, 0, 0, 0, 0], [0, 5, 0, 0, 0, 0, 0, 0, 0], [0, 0, 0, 0, 0, 0, 0, 0, 0]],
            "output": [[8, 8, 8, 8, 8, 8, 8, 8, 8], [8, 8, 8, 8, 8, 8, 8, 8, 8], [8, 8, 8, 8, 8, 8, 8, 8, 8], [8, 8, 8, 8, 8, 8, 8, 8, 8], [8, 8, 8, 8, 8, 8, 8, 8, 8], [8, 8, 8, 8, 8, 8, 8, 8, 8], [8, 8, 8, 8, 8, 8, 8, 8, 8], [8, 8, 8, 8, 8, 8, 8, 8, 8], [8, 8, 8, 8, 8, 8, 8, 8, 8]],
        },
        {
            "input": [[0, 0, 0, 0, 0, 0, 0, 0, 0], [0, 7, 7, 7, 0, 0, 0, 0, 0], [0, 7, 7, 7, 0, 0, 0, 0, 0], [0, 7, 7, 7, 0, 0, 0, 0, 0], [0, 0, 0, 0, 0, 0, 0, 0, 0], [0, 0, 0, 0, 0, 0, 0, 0, 0], [0, 0, 0, 0, 0, 2, 2, 2, 0], [0, 0, 0, 0, 0, 2, 2, 2, 0], [0, 0, 0, 0, 0, 2, 2, 2, 0]],
            "output": [[2, 2, 2, 2, 2, 2, 2, 2, 2], [2, 2, 2, 2, 2, 2, 2, 2, 2], [2, 2, 2, 2, 2, 2, 2, 2, 2], [2, 2, 2, 2, 2, 2, 2, 2, 2], [2, 2, 2, 2, 2, 2, 2, 2, 2], [2, 2, 2, 2, 2, 2, 2, 2, 2], [2, 2, 2, 2, 2, 2, 2, 2, 2], [2, 2, 2, 2, 2, 2, 2, 2, 2], [2, 2, 2, 2, 2, 2, 2, 2, 2]],
        },
        {
            "input": [[0, 0, 0, 0, 0, 0, 0, 0, 0], [0, 0, 0, 0, 0, 0, 0, 0, 0], [0, 0, 0, 0, 0, 0, 0, 0, 0], [0, 0, 0, 0, 0, 0, 0, 0, 0], [0, 0, 0, 0, 0, 0, 0, 0, 0], [0, 0, 0, 0, 0, 0, 0, 0, 0], [0, 1, 1, 1, 0, 0, 0, 0, 0], [0, 1, 1, 1, 0, 0, 0, 0, 0], [0, 1, 1, 1, 0, 0, 0, 0, 0]],
            "output": [[1, 1, 1, 1, 1, 1, 1, 1, 1], [1, 1, 1, 1, 1, 1, 1, 1, 1], [1, 1, 1, 1, 1, 1, 1, 1, 1], [1, 1, 1, 1, 1, 1, 1, 1, 1], [1, 1, 1, 1, 1, 1, 1, 1, 1], [1, 1, 1, 1, 1, 1, 1, 1, 1], [1, 1, 1, 1, 1, 1, 1, 1, 1], [1, 1, 1, 1, 1, 1, 1, 1, 1], [1, 1, 1, 1, 1, 1, 1, 1, 1]],
        },
    ],
    "test": [
        {
            "input": [[0, 0, 0, 0, 0, 0, 0, 0, 0], [0, 0, 0, 0, 0, 0, 6, 6, 6], [0, 0, 0, 0, 0, 0, 6, 6, 6], [0, 0, 0, 0, 0, 0, 6, 6, 6], [0, 0, 0, 0, 0, 0, 0, 0, 0], [0, 0, 0, 0, 0, 0, 0, 0, 0], [0, 0, 0, 0, 0, 0, 0, 0, 0], [0, 3, 3, 3, 0, 0, 0, 0, 0], [0, 3, 3, 3, 0, 0, 0, 0, 0]],
            "output": [[3, 3, 3, 3, 3, 3, 3, 3, 3], [3, 3, 3, 3, 3, 3, 3, 3, 3], [3, 3, 3, 3, 3, 3, 3, 3, 3], [3, 3, 3, 3, 3, 3, 3, 3, 3], [3, 3, 3, 3, 3, 3, 3, 3, 3], [3, 3, 3, 3, 3, 3, 3, 3, 3], [3, 3, 3, 3, 3, 3, 3, 3, 3], [3, 3, 3, 3, 3, 3, 3, 3, 3], [3, 3, 3, 3, 3, 3, 3, 3, 3]],
        }
    ]
}

results = []
for example in task_data["train"]:
  results.append(analyze_grids(example["input"], example["output"]))

for result in results:
    print(result)