Input:
[[0 0 0 0 0 0 0 0 0 0]
 [0 0 0 0 0 0 0 0 0 0]
 [0 0 0 0 0 0 0 0 0 0]
 [0 0 0 0 8 0 0 0 0 0]
 [0 0 0 0 0 0 0 0 2 0]]
Output:
[[0 0 0 0 0 0 0 0 0 0]
 [0 0 0 0 8 0 0 0 2 0]
 [0 0 0 8 8 0 0 2 2 0]
 [0 0 8 8 8 0 2 2 2 0]
 [0 8 8 8 8 2 2 2 2 0]
 [8 8 8 8 2 2 2 2 2 2]]
 ```

*   **Input Size:** 5x10
*   **Output Size:** 6x10
*   **Input Red Pixels:** (4, 8)
*   **Input Azure Pixels:** (3, 4)
*   **Output Red Pixels:** (4,8), (5,9) and (1,8) (2,7) (3,6) (4,5), and (2,8) (3,7), (4,6), (5,5)
*    **Output Azure Pixels:** (3,4), and (1,4) (2,3) (3,2) (4,1), and (2,5) (3,6), (4,7), (5,8)
* **Match:** YES

**Example 2**