Example 1:
Input:
[[0 0 0 0 0 0 0]
 [0 5 5 5 5 5 0]
 [0 5 0 0 0 5 0]
 [0 5 5 5 5 5 0]
 [0 0 0 0 0 5 0]
 [0 5 5 5 5 5 0]
 [0 0 0 0 0 0 0]]
Expected Output:
[[0 0 0 0 0 0 0]
 [0 8 8 8 8 8 0]
 [0 8 0 0 0 2 0]
 [0 8 2 2 2 2 0]
 [0 0 0 0 0 2 0]
 [0 2 2 2 2 2 0]
 [0 0 0 0 0 0 0]]
Predicted Output:
[[0 0 0 0 0 0 0]
 [0 8 8 8 8 8 0]
 [0 8 0 0 0 2 0]
 [0 8 2 2 2 2 0]
 [0 0 0 0 0 2 0]
 [0 2 2 2 2 2 0]
 [0 0 0 0 0 0 0]]
Gray Pixels: [(1, 1), (1, 2), (1, 3), (1, 4), (1, 5), (2, 1), (2, 5), (3, 1), (3, 2), (3, 3), (3, 4), (3, 5), (4, 5), (5, 1), (5, 2), (5, 3), (5, 4), (5, 5)]
Bounding Box: Top Left: (1, 1), Bottom Right: (5, 5)
Shape height, width: 5, 5
Expected and predicted are identical.