example 0: match = True
  azure (8) input  at: (1, 1)
  red (2)   input  at: (3, 9)
  azure (8) output at: (1, 1)
  red (2)   output at: (3, 9)
---
input:
[[0 0 0 0 0 0 0 0 0 0]
 [0 8 0 0 0 0 0 0 0 0]
 [0 0 0 0 0 0 0 0 0 0]
 [0 0 0 0 0 0 0 0 0 2]
 [0 0 0 0 0 0 0 0 0 0]]

output (expected):
[[0 0 0 0 0 0 0 0 0 0]
 [0 8 0 0 0 0 0 0 0 0]
 [0 4 0 0 0 0 0 0 0 0]
 [0 4 0 0 0 0 0 0 0 2]
 [0 0 0 0 0 0 0 0 0 0]]

output (predicted):
[[0 0 0 0 0 0 0 0 0 0]
 [0 8 0 0 0 0 0 0 0 0]
 [0 4 0 0 0 0 0 0 0 0]
 [0 4 0 0 0 0 0 0 0 2]
 [0 0 0 0 0 0 0 0 0 0]]

example 1: match = True
  azure (8) input  at: (1, 13)
  red (2)   input  at: (7, 13)
  azure (8) output at: (1, 13)
  red (2)   output at: (7, 13)
---
input:
[[0 0 0 0 0 0 0 0 0 0 0 0 0 0 0 0]
 [0 0 0 0 0 0 0 0 0 0 0 0 0 8 0 0]
 [0 0 0 0 0 0 0 0 0 0 0 0 0 0 0 0]
 [0 0 0 0 0 0 0 0 0 0 0 0 0 0 0 0]
 [0 0 0 0 0 0 0 0 0 0 0 0 0 0 0 0]
 [0 0 0 0 0 0 0 0 0 0 0 0 0 0 0 0]
 [0 0 0 0 0 0 0 0 0 0 0 0 0 0 0 0]
 [0 0 0 0 0 0 0 0 0 0 0 0 0 2 0 0]
 [0 0 0 0 0 0 0 0 0 0 0 0 0 0 0 0]]

output (expected):
[[0 0 0 0 0 0 0 0 0 0 0 0 0 0 0 0]
 [0 0 0 0 0 0 0 0 0 0 0 0 0 8 0 0]
 [0 0 0 0 0 0 0 0 0 0 0 0 0 4 0 0]
 [0 0 0 0 0 0 0 0 0 0 0 0 0 4 0 0]
 [0 0 0 0 0 0 0 0 0 0 0 0 0 4 0 0]
 [0 0 0 0 0 0 0 0 0 0 0 0 0 4 0 0]
 [0 0 0 0 0 0 0 0 0 0 0 0 0 4 0 0]
 [0 0 0 0 0 0 0 0 0 0 0 0 0 2 0 0]
 [0 0 0 0 0 0 0 0 0 0 0 0 0 0 0 0]]

output (predicted):
[[0 0 0 0 0 0 0 0 0 0 0 0 0 0 0 0]
 [0 0 0 0 0 0 0 0 0 0 0 0 0 8 0 0]
 [0 0 0 0 0 0 0 0 0 0 0 0 0 4 0 0]
 [0 0 0 0 0 0 0 0 0 0 0 0 0 4 0 0]
 [0 0 0 0 0 0 0 0 0 0 0 0 0 4 0 0]
 [0 0 0 0 0 0 0 0 0 0 0 0 0 4 0 0]
 [0 0 0 0 0 0 0 0 0 0 0 0 0 4 0 0]
 [0 0 0 0 0 0 0 0 0 0 0 0 0 2 0 0]
 [0 0 0 0 0 0 0 0 0 0 0 0 0 0 0 0]]

example 2: match = True
  azure (8) input  at: (2, 12)
  red (2)   input  at: (6, 6)
  azure (8) output at: (2, 12)
  red (2)   output at: (6, 6)
---
input:
[[0 0 0 0 0 0 0 0 0 0 0 0 0 0]
 [0 0 0 0 0 0 0 0 0 0 0 0 0 0]
 [0 0 0 0 0 0 0 0 0 0 0 0 8 0]
 [0 0 0 0 0 0 0 0 0 0 0 0 0 0]
 [0 0 0 0 0 0 0 0 0 0 0 0 0 0]
 [0 0 0 0 0 0 0 0 0 0 0 0 0 0]
 [0 0 0 0 0 0 2 0 0 0 0 0 0 0]
 [0 0 0 0 0 0 0 0 0 0 0 0 0 0]
 [0 0 0 0 0 0 0 0 0 0 0 0 0 0]]

output (expected):
[[0 0 0 0 0 0 0 0 0 0 0 0 0 0]
 [0 0 0 0 0 0 0 0 0 0 0 0 0 0]
 [0 0 0 0 0 0 0 0 0 0 0 0 8 0]
 [0 0 0 0 0 0 0 0 0 0 0 0 4 0]
 [0 0 0 0 0 0 0 0 0 0 0 0 4 0]
 [0 0 0 0 0 0 0 0 0 0 0 0 4 0]
 [0 0 0 0 0 0 2 0 0 0 0 0 0 0]
 [0 0 0 0 0 0 0 0 0 0 0 0 0 0]
 [0 0 0 0 0 0 0 0 0 0 0 0 0 0]]

output (predicted):
[[0 0 0 0 0 0 0 0 0 0 0 0 0 0]
 [0 0 0 0 0 0 0 0 0 0 0 0 0 0]
 [0 0 0 0 0 0 0 0 0 0 0 0 8 0]
 [0 0 0 0 0 0 0 0 0 0 0 0 4 0]
 [0 0 0 0 0 0 0 0 0 0 0 0 4 0]
 [0 0 0 0 0 0 0 0 0 0 0 0 4 0]
 [0 0 0 0 0 0 2 0 0 0 0 0 0 0]
 [0 0 0 0 0 0 0 0 0 0 0 0 0 0]
 [0 0 0 0 0 0 0 0 0 0 0 0 0 0]]

example 3: match = False
  azure (8) input  at: (6, 10)
  red (2)   input  at: (3, 11)
  azure (8) output at: (6, 10)
  red (2)   output at: (3, 11)
---
input:
[[0 0 0 0 0 0 0 0 0 0 0 0]
 [0 0 0 0 0 0 0 0 0 0 0 0]
 [0 0 0 0 0 0 0 0 0 0 0 0]
 [0 0 0 0 0 0 0 0 0 0 0 2]
 [0 0 0 0 0 0 0 0 0 0 0 0]
 [0 0 0 0 0 0 0 0 0 0 0 0]
 [0 0 0 0 0 0 0 0 0 0 8 0]
 [0 0 0 0 0 0 0 0 0 0 0 0]
 [0 0 0 0 0 0 0 0 0 0 0 0]]

output (expected):
[[0 0 0 0 0 0 0 0 0 0 0 0]
 [0 0 0 0 0 0 0 0 0 0 0 4]
 [0 0 0 0 0 0 0 0 0 0 0 4]
 [0 0 0 0 0 0 0 0 0 0 0 2]
 [0 0 0 0 0 0 0 0 0 0 0 4]
 [0 0 0 0 0 0 0 0 0 0 0 4]
 [0 0 0 0 0 0 0 0 0 0 8 0]
 [0 0 0 0 0 0 0 0 0 0 0 0]
 [0 0 0 0 0 0 0 0 0 0 0 0]]

output (predicted):
[[0 0 0 0 0 0 0 0 0 0 0 0]
 [0 0 0 0 0 0 0 0 0 0 0 4]
 [0 0 0 0 0 0 0 0 0 0 0 4]
 [0 0 0 0 0 0 0 0 0 0 0 2]
 [0 0 0 0 0 0 0 0 0 0 0 0]
 [0 0 0 0 0 0 0 0 0 0 0 0]
 [0 0 0 0 0 0 0 0 0 0 8 0]
 [0 0 0 0 0 0 0 0 0 0 0 0]
 [0 0 0 0 0 0 0 0 0 0 0 0]]