Task: d2abd087
  Example 0 - PASS
  Example 1 - FAIL
    Input: (15, 15) - [[0 0 0 0 0 0 0 0 0 0 0 0 0 0 0]
 [0 0 0 0 0 0 0 0 0 0 0 0 0 0 0]
 [0 0 0 0 0 0 0 0 0 0 0 0 0 0 0]
 [0 0 0 7 7 7 7 7 7 7 7 7 7 7 7]
 [0 0 0 7 0 0 0 0 0 0 0 0 0 0 7]
 [0 0 0 7 0 0 0 0 0 0 0 0 0 0 7]
 [0 0 0 7 0 0 0 0 0 0 0 0 0 0 7]
 [0 0 0 7 0 0 0 0 0 0 0 0 0 0 7]
 [0 0 0 7 0 0 0 0 0 0 0 0 0 0 7]
 [0 0 0 7 0 0 0 0 0 0 0 0 0 0 7]
 [0 0 0 7 0 0 0 0 0 0 0 0 0 0 7]
 [0 0 0 7 0 0 0 0 0 0 0 0 0 0 7]
 [0 0 0 7 0 0 0 0 0 0 0 0 0 0 7]
 [0 0 0 7 0 0 0 0 0 0 0 0 0 0 7]
 [0 0 0 7 7 7 7 7 7 7 7 7 7 7 7]]
    Expected Output: (15, 15) - [[0 0 0 0 0 0 0 0 0 0 0 0 0 0 0]
 [0 0 0 0 0 0 0 0 0 0 0 0 0 0 0]
 [0 0 0 0 0 0 0 0 0 0 0 0 0 0 0]
 [0 0 0 7 7 7 7 7 7 7 7 7 7 7 7]
 [0 0 0 7 7 7 7 7 7 7 7 7 7 7 7]
 [0 0 0 7 7 7 7 7 7 7 7 7 7 7 7]
 [0 0 0 7 7 7 7 7 7 7 7 7 7 7 7]
 [0 0 0 7 7 7 7 7 7 7 7 7 7 7 7]
 [0 0 0 7 7 7 7 7 7 7 7 7 7 7 7]
 [0 0 0 7 7 7 7 7 7 7 7 7 7 7 7]
 [0 0 0 7 7 7 7 7 7 7 7 7 7 7 7]
 [0 0 0 7 7 7 7 7 7 7 7 7 7 7 7]
 [0 0 0 7 7 7 7 7 7 7 7 7 7 7 7]
 [0 0 0 7 7 7 7 7 7 7 7 7 7 7 7]
 [0 0 0 7 7 7 7 7 7 7 7 7 7 7 7]]
    Predicted Output: (15, 15) - [[0 0 0 0 0 0 0 0 0 0 0 0 0 0 0]
 [0 0 0 0 0 0 0 0 0 0 0 0 0 0 0]
 [0 0 0 0 0 0 0 0 0 0 0 0 0 0 0]
 [0 0 0 7 7 7 7 7 7 7 7 7 7 7 7]
 [0 0 0 7 0 0 0 0 0 0 0 0 0 0 7]
 [0 0 0 7 0 0 0 0 0 0 0 0 0 0 7]
 [0 0 0 7 0 0 0 0 0 0 0 0 0 0 7]
 [0 0 0 7 0 0 0 0 0 0 0 0 0 0 7]
 [0 0 0 7 0 0 0 0 0 0 0 0 0 0 7]
 [0 0 0 7 0 0 0 0 0 0 0 0 0 0 7]
 [0 0 0 7 0 0 0 0 0 0 0 0 0 0 7]
 [0 0 0 7 0 0 0 0 0 0 0 0 0 0 7]
 [0 0 0 7 0 0 0 0 0 0 0 0 0 0 7]
 [0 0 0 7 0 0 0 0 0 0 0 0 0 0 7]
 [0 0 0 7 7 7 7 7 7 7 7 7 7 7 7]]
  Example 2 - FAIL
    Input: (15, 15) - [[0 0 0 0 0 0 0 0 0 0 0 0 0 0 0]
 [0 0 0 0 0 0 0 0 0 0 0 0 0 0 0]
 [0 0 0 0 0 0 0 0 0 0 0 0 0 0 0]
 [7 7 7 7 7 7 7 7 7 7 7 7 0 0 0]
 [7 0 0 0 0 0 0 0 0 0 0 0 0 0 0]
 [7 0 0 0 0 0 0 0 0 0 0 0 0 0 0]
 [7 0 0 0 0 0 0 0 0 0 0 0 0 0 0]
 [7 0 0 0 0 0 0 0 0 0 0 0 0 0 0]
 [7 0 0 0 0 0 0 0 0 0 0 0 0 0 0]
 [7 0 0 0 0 0 0 0 0 0 0 0 0 0 0]
 [7 0 0 0 0 0 0 0 0 0 0 0 0 0 0]
 [7 0 0 0 0 0 0 0 0 0 0 0 0 0 0]
 [7 0 0 0 0 0 0 0 0 0 0 0 0 0 0]
 [7 0 0 0 0 0 0 0 0 0 0 0 0 0 0]
 [7 7 7 7 7 7 7 7 7 7 7 7 0 0 0]]
    Expected Output: (15, 15) - [[0 0 0 0 0 0 0 0 0 0 0 0 0 0 0]
 [0 0 0 0 0 0 0 0 0 0 0 0 0 0 0]
 [0 0 0 0 0 0 0 0 0 0 0 0 0 0 0]
 [7 7 7 7 7 7 7 7 7 7 7 7 0 0 0]
 [7 7 7 7 7 7 7 7 7 7 7 7 0 0 0]
 [7 7 7 7 7 7 7 7 7 7 7 7 0 0 0]
 [7 7 7 7 7 7 7 7 7 7 7 7 0 0 0]
 [7 7 7 7 7 7 7 7 7 7 7 7 0 0 0]
 [7 7 7 7 7 7 7 7 7 7 7 7 0 0 0]
 [7 7 7 7 7 7 7 7 7 7 7 7 0 0 0]
 [7 7 7 7 7 7 7 7 7 7 7 7 0 0 0]
 [7 7 7 7 7 7 7 7 7 7 7 7 0 0 0]
 [7 7 7 7 7 7 7 7 7 7 7 7 0 0 0]
 [7 7 7 7 7 7 7 7 7 7 7 7 0 0 0]
 [7 7 7 7 7 7 7 7 7 7 7 7 0 0 0]]
    Predicted Output: (15, 15) - [[0 0 0 0 0 0 0 0 0 0 0 0 0 0 0]
 [0 0 0 0 0 0 0 0 0 0 0 0 0 0 0]
 [0 0 0 0 0 0 0 0 0 0 0 0 0 0 0]
 [7 7 7 7 7 7 7 7 7 7 7 7 0 0 0]
 [7 0 0 0 0 0 0 0 0 0 0 0 0 0 0]
 [7 0 0 0 0 0 0 0 0 0 0 0 0 0 0]
 [7 0 0 0 0 0 0 0 0 0 0 0 0 0 0]
 [7 0 0 0 0 0 0 0 0 0 0 0 0 0 0]
 [7 0 0 0 0 0 0 0 0 0 0 0 0 0 0]
 [7 0 0 0 0 0 0 0 0 0 0 0 0 0 0]
 [7 0 0 0 0 0 0 0 0 0 0 0 0 0 0]
 [7 0 0 0 0 0 0 0 0 0 0 0 0 0 0]
 [7 0 0 0 0 0 0 0 0 0 0 0 0 0 0]
 [7 0 0 0 0 0 0 0 0 0 0 0 0 0 0]
 [7 7 7 7 7 7 7 7 7 7 7 7 0 0 0]]
  Passed 1 of 3 examples
