Correct: True
Input objects: [{'value': 8, 'row': 4, 'col': 4}]
Output objects: [{'value': 8, 'row': 4, 'col': 4}, {'value': 8, 'row': 4, 'col': 5}, {'value': 8, 'row': 4, 'col': 6}, {'value': 8, 'row': 4, 'col': 7}, {'value': 8, 'row': 4, 'col': 8}]
Input:
[[0 0 0 0 0 0 0 0 0]
 [0 0 0 0 0 0 0 0 0]
 [0 0 0 0 0 0 0 0 0]
 [0 0 0 0 0 0 0 0 0]
 [0 0 0 0 8 0 0 0 0]
 [0 0 0 0 0 0 0 0 0]
 [0 0 0 0 0 0 0 0 0]
 [0 0 0 0 0 0 0 0 0]
 [0 0 0 0 0 0 0 0 0]]

Expected:
[[0 0 0 0 0 0 0 0 0]
 [0 0 0 0 0 0 0 0 0]
 [0 0 0 0 0 0 0 0 0]
 [0 0 0 0 0 0 0 0 0]
 [0 0 0 0 8 8 8 8 8]
 [0 0 0 0 0 0 0 0 0]
 [0 0 0 0 0 0 0 0 0]
 [0 0 0 0 0 0 0 0 0]
 [0 0 0 0 0 0 0 0 0]]

Predicted:
[[0 0 0 0 0 0 0 0 0]
 [0 0 0 0 0 0 0 0 0]
 [0 0 0 0 0 0 0 0 0]
 [0 0 0 0 0 0 0 0 0]
 [0 0 0 0 8 8 8 8 8]
 [0 0 0 0 0 0 0 0 0]
 [0 0 0 0 0 0 0 0 0]
 [0 0 0 0 0 0 0 0 0]
 [0 0 0 0 0 0 0 0 0]]

--------------------
Correct: False
Input objects: [{'value': 1, 'row': 4, 'col': 3}, {'value': 2, 'row': 5, 'col': 7}]
Output objects: [{'value': 1, 'row': 4, 'col': 0}, {'value': 1, 'row': 4, 'col': 1}, {'value': 1, 'row': 4, 'col': 2}, {'value': 1, 'row': 4, 'col': 3}, {'value': 2, 'row': 5, 'col': 7}, {'value': 2, 'row': 5, 'col': 8}]
Input:
[[0 0 0 0 0 0 0 0 0]
 [0 0 0 0 0 0 0 0 0]
 [0 0 0 0 0 0 0 0 0]
 [0 0 0 0 0 0 0 0 0]
 [0 0 0 1 0 0 0 0 0]
 [0 0 0 0 0 0 0 2 0]
 [0 0 0 0 0 0 0 0 0]
 [0 0 0 0 0 0 0 0 0]
 [0 0 0 0 0 0 0 0 0]]

Expected:
[[0 0 0 0 0 0 0 0 0]
 [0 0 0 0 0 0 0 0 0]
 [0 0 0 0 0 0 0 0 0]
 [0 0 0 0 0 0 0 0 0]
 [1 1 1 1 0 0 0 0 0]
 [0 0 0 0 0 0 0 2 2]
 [0 0 0 0 0 0 0 0 0]
 [0 0 0 0 0 0 0 0 0]
 [0 0 0 0 0 0 0 0 0]]

Predicted:
[[0 0 0 0 0 0 0 0 0]
 [0 0 0 0 0 0 0 0 0]
 [0 0 0 0 0 0 0 0 0]
 [0 0 0 0 0 0 0 0 0]
 [1 1 1 1 0 0 0 0 0]
 [0 0 0 0 0 0 0 2 0]
 [0 0 0 0 0 0 0 0 0]
 [0 0 0 0 0 0 0 0 0]
 [0 0 0 0 0 0 0 0 0]]

--------------------
Correct: False
Input objects: [{'value': 7, 'row': 3, 'col': 3}, {'value': 2, 'row': 3, 'col': 5}]
Output objects: [{'value': 7, 'row': 3, 'col': 0}, {'value': 7, 'row': 3, 'col': 1}, {'value': 7, 'row': 3, 'col': 2}, {'value': 7, 'row': 3, 'col': 3}, {'value': 7, 'row': 3, 'col': 4}, {'value': 2, 'row': 3, 'col': 5}, {'value': 2, 'row': 3, 'col': 6}]
Input:
[[0 0 0 0 0 0 0]
 [0 0 0 0 0 0 0]
 [0 0 0 0 0 0 0]
 [0 0 0 7 0 2 0]
 [0 0 0 0 0 0 0]
 [0 0 0 0 0 0 0]
 [0 0 0 0 0 0 0]]

Expected:
[[0 0 0 0 0 0 0]
 [0 0 0 0 0 0 0]
 [0 0 0 0 0 0 0]
 [7 7 7 7 7 2 2]
 [0 0 0 0 0 0 0]
 [0 0 0 0 0 0 0]
 [0 0 0 0 0 0 0]]

Predicted:
[[0 0 0 0 0 0 0]
 [0 0 0 0 0 0 0]
 [0 0 0 0 0 0 0]
 [7 7 7 7 0 2 2]
 [0 0 0 0 0 0 0]
 [0 0 0 0 0 0 0]
 [0 0 0 0 0 0 0]]

--------------------