----------------------------------------
Input Grid:
[[0 0 0 0 0 0 0 0 0]
 [0 0 0 0 0 0 0 0 0]
 [0 0 0 0 0 0 0 0 0]
 [0 0 0 0 0 0 0 0 0]
 [0 0 0 0 0 0 0 0 0]
 [0 0 0 1 1 1 1 1 0]
 [0 0 0 0 0 0 0 0 0]
 [0 0 0 0 3 0 0 0 0]
 [0 0 0 0 3 0 0 0 0]
 [0 0 0 0 3 0 0 0 0]
 [0 0 0 0 3 0 0 0 0]]

Expected Output Grid:
[[0 0 0 0 0 0 0 0 0]
 [0 0 0 0 0 0 0 0 0]
 [0 0 0 0 0 0 0 0 0]
 [0 0 0 0 0 0 0 0 0]
 [0 0 0 0 0 0 0 0 0]
 [0 0 0 1 1 1 1 1 0]
 [0 0 0 0 3 0 0 0 0]
 [0 0 0 0 3 0 0 0 0]
 [0 0 0 0 3 0 0 0 0]
 [0 0 0 0 3 0 0 0 0]
 [0 0 0 0 0 0 0 0 0]]

Predicted Output Grid:
[[0 0 0 0 0 0 0 0 0]
 [0 0 0 0 0 0 0 0 0]
 [0 0 0 0 0 0 0 0 0]
 [0 0 0 0 0 0 0 0 0]
 [0 0 0 0 0 0 0 0 0]
 [0 0 0 1 1 1 1 1 0]
 [0 0 0 0 3 0 0 0 0]
 [0 0 0 0 3 0 0 0 0]
 [0 0 0 0 3 0 0 0 0]
 [0 0 0 0 3 0 0 0 0]
 [0 0 0 0 0 0 0 0 0]]

Differences (Expected - Predicted):
[[0 0 0 0 0 0 0 0 0]
 [0 0 0 0 0 0 0 0 0]
 [0 0 0 0 0 0 0 0 0]
 [0 0 0 0 0 0 0 0 0]
 [0 0 0 0 0 0 0 0 0]
 [0 0 0 0 0 0 0 0 0]
 [0 0 0 0 0 0 0 0 0]
 [0 0 0 0 0 0 0 0 0]
 [0 0 0 0 0 0 0 0 0]
 [0 0 0 0 0 0 0 0 0]
 [0 0 0 0 0 0 0 0 0]]

Number of differing pixels: 0

Input unique colors: [0 1 3]
Output unique colors: [0 1 3]
Blue (1) present in input: True
----------------------------------------
Input Grid:
[[0 0 0 0 0 0 0 0 0]
 [0 0 0 0 0 0 0 0 0]
 [0 0 0 0 0 0 0 0 0]
 [0 0 0 1 1 1 1 1 0]
 [0 0 0 0 0 0 0 0 0]
 [0 0 0 0 3 0 0 0 0]
 [0 0 0 0 3 0 0 0 0]
 [0 0 0 0 3 0 0 0 0]
 [0 0 0 0 3 0 0 0 0]
 [0 4 4 0 0 0 0 6 6]
 [0 4 4 0 0 0 0 6 6]]

Expected Output Grid:
[[0 0 0 0 0 0 0 0 0]
 [0 0 0 0 0 0 0 0 0]
 [0 0 0 1 1 1 1 1 0]
 [0 0 0 0 0 0 0 0 0]
 [0 4 4 0 3 0 0 6 6]
 [0 4 4 0 3 0 0 6 6]
 [0 0 0 0 3 0 0 0 0]
 [0 0 0 0 3 0 0 0 0]
 [0 0 0 0 0 0 0 0 0]
 [0 0 0 0 0 0 0 0 0]
 [0 0 0 0 0 0 0 0 0]]

Predicted Output Grid:
[[0 0 0 0 0 0 0 0 0]
 [0 0 0 0 0 0 0 0 0]
 [0 0 0 0 0 0 0 0 0]
 [0 0 0 1 1 1 1 1 0]
 [0 0 0 0 0 0 0 0 0]
 [0 4 4 0 3 0 0 6 6]
 [0 4 4 0 3 0 0 6 6]
 [0 0 0 0 3 0 0 0 0]
 [0 0 0 0 3 0 0 0 0]
 [0 0 0 0 0 0 0 0 0]
 [0 0 0 0 0 0 0 0 0]]

Differences (Expected - Predicted):
[[ 0  0  0  0  0  0  0  0  0]
 [ 0  0  0  0  0  0  0  0  0]
 [ 0  0  0  1  1  1  1  1  0]
 [ 0  0  0  0  0  0  0  0  0]
 [ 0  0  0  0  0  0  0  0  0]
 [ 0  0  0  0  0  0  0  0  0]
 [ 0  0  0  0  0  0  0  0  0]
 [ 0  0  0  0  0  0  0  0  0]
 [ 0  0  0  0  0  0  0  0  0]
 [ 0  0  0  0  0  0  0  0  0]
 [ 0  0  0  0  0  0  0  0  0]]

Number of differing pixels: 5

Input unique colors: [0 1 3 4 6]
Output unique colors: [0 1 3 4 6]
Blue (1) present in input: True
----------------------------------------
Input Grid:
[[0 0 0 0 0 0 0 0 0]
 [0 0 0 0 0 0 0 0 0]
 [0 0 0 0 0 0 0 0 0]
 [0 0 0 1 1 1 1 0 0]
 [0 0 0 0 0 0 0 0 0]
 [0 0 0 0 3 0 0 0 0]
 [0 0 0 0 0 0 0 0 0]
 [0 4 4 0 0 0 0 6 6]
 [0 4 4 0 0 0 0 6 6]
 [0 0 0 0 0 0 0 0 0]
 [0 0 0 0 0 0 0 0 0]]

Expected Output Grid:
[[0 0 0 0 0 0 0 0 0]
 [0 0 0 1 1 1 1 0 0]
 [0 0 0 0 0 0 0 0 0]
 [0 4 4 0 3 0 0 6 6]
 [0 4 4 0 0 0 0 6 6]
 [0 0 0 0 0 0 0 0 0]
 [0 0 0 0 0 0 0 0 0]
 [0 0 0 0 0 0 0 0 0]
 [0 0 0 0 0 0 0 0 0]
 [0 0 0 0 0 0 0 0 0]
 [0 0 0 0 0 0 0 0 0]]

Predicted Output Grid:
[[0 0 0 0 0 0 0 0 0]
 [0 0 0 0 0 0 0 0 0]
 [0 0 0 0 0 0 0 0 0]
 [0 0 0 1 1 1 1 0 0]
 [0 0 0 0 0 0 0 0 0]
 [0 4 4 0 3 0 0 6 6]
 [0 4 4 0 0 0 0 6 6]
 [0 0 0 0 0 0 0 0 0]
 [0 0 0 0 0 0 0 0 0]
 [0 0 0 0 0 0 0 0 0]
 [0 0 0 0 0 0 0 0 0]]

Differences (Expected - Predicted):
[[ 0  0  0  0  0  0  0  0  0]
 [ 0  0  0  1  1  1  1  0  0]
 [ 0  0  0  0  0  0  0  0  0]
 [-1 -1  0  0  0  0  0  0  0]
 [ 0  0  0  0  0  0  0  0  0]
 [ 0  0  0  0  0  0  0  0  0]
 [ 0  0  0  0  0  0  0  0  0]
 [ 0  0  0  0  0  0  0  0  0]
 [ 0  0  0  0  0  0  0  0  0]
 [ 0  0  0  0  0  0  0  0  0]
 [ 0  0  0  0  0  0  0  0  0]]

Number of differing pixels: 8

Input unique colors: [0 1 3 4 6]
Output unique colors: [0 1 3 4 6]
Blue (1) present in input: True