Number of correct predictions: 1 / 4
Error in example 2:
  Input: [[0, 0, 0, 0, 0, 0, 0, 0], [0, 0, 0, 0, 0, 0, 0, 0], [0, 0, 0, 0, 2, 0, 0, 0], [0, 0, 0, 0, 4, 0, 0, 0], [0, 0, 0, 0, 0, 0, 0, 0]]
  Expected Output: [[0, 0, 0, 0, 3, 0, 0, 0], [0, 0, 0, 0, 0, 0, 0, 0]]
  Predicted Output: [[0, 0, 0, 0, 3, 0, 0, 0], [0, 0, 0, 0, 0, 0, 0, 0], [0, 0, 0, 0, 0, 0, 0, 0]]
Error in example 3:
  Input: [[1, 1, 1, 1, 1, 1, 1, 1, 1], [0, 0, 0, 0, 0, 0, 0, 0, 0], [1, 1, 1, 1, 1, 1, 1, 1, 1], [2, 2, 2, 2, 2, 2, 2, 2, 2], [0, 0, 0, 0, 0, 0, 0, 0, 0], [0, 0, 0, 0, 0, 0, 0, 0, 0]]
  Expected Output: [[1, 1, 1, 1, 1, 1, 1, 1, 1], [3, 3, 3, 3, 3, 3, 3, 3, 3], [0, 0, 0, 0, 0, 0, 0, 0, 0]]
  Predicted Output: [[1, 1, 1, 1, 1, 1, 1, 1, 1], [1, 1, 1, 1, 1, 1, 1, 1, 1], [3, 3, 3, 3, 3, 3, 3, 3, 3], [0, 0, 0, 0, 0, 0, 0, 0, 0]]
Error in example 4:
  Input: [[0, 0, 0, 0, 0, 0, 0, 0, 0, 0], [0, 0, 0, 0, 0, 0, 0, 0, 0, 0], [0, 0, 0, 0, 0, 0, 0, 0, 0, 0], [0, 0, 0, 0, 2, 2, 0, 0, 0, 0], [0, 0, 0, 0, 0, 0, 0, 0, 0, 0], [0, 0, 0, 0, 4, 4, 0, 0, 0, 0]]
  Expected Output: [[0, 0, 0, 0, 0, 0, 0, 0, 0, 0], [0, 0, 0, 0, 3, 3, 0, 0, 0, 0], [0, 0, 0, 0, 0, 0, 0, 0, 0, 0]]
  Predicted Output: [[0, 0, 0, 0, 0, 0, 0, 0, 0, 0], [0, 0, 0, 0, 3, 3, 0, 0, 0, 0], [0, 0, 0, 0, 0, 0, 0, 0, 0, 0], [0, 0, 0, 0, 0, 0, 0, 0, 0, 0]]