example 0:
Grid 1:
[[0 0 0 0 0]
 [0 5 5 5 0]
 [0 5 5 5 0]
 [0 5 5 5 0]
 [0 0 0 0 0]]

Grid 2:
[[4 4 4 4 4]
 [4 9 9 9 4]
 [4 9 9 9 4]
 [4 9 9 9 4]
 [4 4 4 4 4]]
comparison: True
example 1:
Grid 1:
[[0 0 0 0 0 0 0]
 [0 0 0 0 0 0 0]
 [0 0 8 8 8 0 0]
 [0 0 8 0 8 0 0]
 [0 0 8 8 8 0 0]
 [0 0 0 0 0 0 0]
 [0 0 0 0 0 0 0]]

Grid 2:
[[0 0 0 0 0 0 0]
 [0 0 0 0 0 0 0]
 [0 0 2 2 2 0 0]
 [0 0 2 0 2 0 0]
 [0 0 2 2 2 0 0]
 [0 0 0 0 0 0 0]
 [0 0 0 0 0 0 0]]
comparison: False
example 2:
Grid 1:
[[1 1 1 1 1]
 [1 2 2 2 1]
 [1 2 2 2 1]
 [1 2 2 2 1]
 [1 1 1 1 1]]

Grid 2:
[[5 5 5 5 5]
 [5 6 6 6 5]
 [5 6 6 6 5]
 [5 6 6 6 5]
 [5 5 5 5 5]]
comparison: False
[True, False, False]