Input:
[[0 0 0 0 0 0 0 0 0]
 [0 0 0 0 0 0 0 0 0]
 [0 2 2 2 0 0 0 0 0]
 [0 2 2 2 0 0 0 0 0]
 [0 2 2 2 0 0 0 0 0]
 [0 0 0 0 0 0 0 0 0]
 [0 0 0 0 0 3 3 3 0]
 [0 0 0 0 0 3 3 3 0]
 [0 0 0 0 0 3 3 3 0]]
Output:
[[0 0 0 0 0 0 0 0 0]
 [0 0 0 0 0 0 0 0 0]
 [0 0 0 0 0 0 0 0 0]
 [0 2 0 0 0 0 0 0 0]
 [0 0 0 0 0 0 0 0 0]
 [0 0 0 0 0 0 0 0 0]
 [0 0 0 0 0 0 3 0 0]
 [0 0 0 0 0 0 0 0 0]
 [0 0 0 0 0 0 0 0 0]]
Predicted Output:
[[0 0 0 0 0 0 0 0 0]
 [0 2 0 0 0 0 3 0 0]
 [0 0 0 0 0 0 0 0 0]
 [0 0 0 0 0 0 0 0 0]
 [0 0 0 0 0 0 0 0 0]
 [0 0 0 0 0 0 0 0 0]
 [0 0 0 0 0 0 0 0 0]
 [0 0 0 0 0 0 0 0 0]
 [0 0 0 0 0 0 0 0 0]]

Metrics:
{'shape_match': True, 'pixel_accuracy': 0.9777777777777777, 'error_count': 2}