Example 1:
  Input:
[[3 3 3 3 3 3 3 3 3 3 3]
 [3 3 3 3 3 3 3 3 3 3 3]
 [3 3 3 3 3 3 3 3 3 3 3]
 [3 3 3 3 3 3 3 3 3 3 3]
 [3 3 3 3 3 3 3 3 3 3 3]
 [3 3 3 3 3 7 7 7 7 7 7]
 [3 3 3 3 3 7 7 7 7 7 7]
 [3 3 3 3 3 7 7 7 7 7 7]
 [3 3 3 3 3 7 7 7 7 7 7]
 [3 3 3 3 3 7 7 7 7 7 7]
 [3 3 3 3 3 7 7 7 7 7 7]]
  Expected Output:
[[0 7 7]
 [0 7 7]
 [0 0 0]]
  Actual Output:
[[0 7 7]
 [0 7 7]
 [0 0 0]]
  Correct: True
--------------------
Example 2:
  Input:
[[3 3 3 3 3 3 3 3 3 3 3]
 [3 3 3 3 3 3 3 3 3 3 3]
 [3 3 3 3 3 3 3 3 3 3 3]
 [3 3 3 3 3 3 3 3 3 3 3]
 [3 3 3 3 3 3 3 3 3 3 3]
 [3 3 3 3 3 3 3 3 3 3 3]
 [3 3 3 3 3 3 3 3 3 3 3]
 [3 3 3 3 3 3 3 3 3 3 3]
 [0 0 0 0 0 0 0 0 0 0 0]
 [0 0 0 0 0 0 0 0 0 0 0]
 [0 0 0 0 0 0 0 0 0 0 0]]
  Expected Output:
[[0 0 0]
 [0 0 0]
 [0 0 0]]
  Actual Output:
[[0 0 0]
 [0 0 0]
 [3 0 0]]
  Correct: False
--------------------
Example 3:
  Input:
[[3 3 3 3 3 3 3 3 3 3 3]
 [3 3 3 3 3 3 3 3 3 3 3]
 [3 3 3 3 3 3 3 3 3 3 3]
 [3 3 3 3 3 3 3 3 3 3 3]
 [3 3 3 3 3 3 3 3 3 3 3]
 [8 8 8 8 8 3 3 3 3 3 3]
 [8 8 8 8 8 3 3 3 3 3 3]
 [8 8 8 8 8 3 3 3 3 3 3]
 [8 8 8 8 8 3 3 3 3 3 3]
 [8 8 8 8 8 3 3 3 3 3 3]
 [8 8 8 8 8 3 3 3 3 3 3]]
  Expected Output:
[[0 0 0]
 [8 0 0]
 [8 0 0]]
  Actual Output:
[[0 0 0]
 [8 0 0]
 [8 0 0]]
  Correct: True
--------------------
Example 4:
  Input:
[[3 3 3 3 3 3 3 3 3 3 3]
 [3 3 3 3 3 3 3 3 3 3 3]
 [3 3 3 3 3 3 3 3 3 3 3]
 [3 3 3 3 3 3 3 3 3 3 3]
 [3 3 3 3 3 7 7 7 7 7 7]
 [3 3 3 3 3 7 7 7 7 7 7]
 [3 3 3 3 3 7 7 7 7 7 7]
 [3 3 3 3 3 7 7 7 7 7 7]
 [3 3 3 3 3 7 7 7 7 7 7]
 [3 3 3 3 3 7 7 7 7 7 7]
 [3 3 3 3 3 7 7 7 7 7 7]]
  Expected Output:
[[0 7 7]
 [0 7 7]
 [0 0 0]]
  Actual Output:
[[0 7 7]
 [0 7 7]
 [0 0 0]]
  Correct: True
--------------------
Example 5:
  Input:
[[3 3 3 3 3 3 3 3 3 3 3]
 [3 3 3 3 3 3 3 3 3 3 3]
 [3 3 3 3 3 3 3 3 3 3 3]
 [3 3 3 3 3 3 3 3 3 3 3]
 [3 3 3 3 3 3 3 3 3 3 3]
 [3 3 3 3 3 3 3 3 3 3 3]
 [3 3 3 3 3 3 3 3 3 3 3]
 [3 3 3 3 3 3 3 3 3 3 3]
 [3 3 3 3 3 3 3 3 3 3 3]
 [3 3 3 3 3 3 3 3 3 3 3]
 [8 8 8 8 8 8 8 8 8 8 8]]
  Expected Output:
[[8 0 0]
 [8 0 0]
 [8 0 0]]
  Actual Output:
[[0 0 0]
 [8 0 0]
 [8 0 0]]
  Correct: False
--------------------