Example 1:
Input grid dimensions: (10, 10)
Green object bounding box: ((8, 6), (9, 7))
Magenta object bounding box: ((9, 7), (9, 7))
Input Grid:
[[5 5 5 5 5 5 5 5 5 5]
 [5 5 5 5 5 5 5 5 5 5]
 [5 5 5 5 5 5 5 5 5 5]
 [5 5 5 5 5 5 5 5 5 5]
 [5 5 5 5 5 5 5 5 5 5]
 [5 5 5 5 5 5 5 5 5 5]
 [5 5 5 5 5 5 5 5 5 5]
 [5 5 5 5 5 5 5 5 5 5]
 [5 5 5 5 5 5 3 3 5 5]
 [5 5 5 5 5 5 3 6 5 5]]
Expected Output:
[[5 5 5 5 5 5 5 5 5 5]
 [5 5 5 5 5 5 5 5 5 5]
 [5 5 5 5 5 5 5 5 5 5]
 [5 5 5 5 5 5 5 5 5 5]
 [5 5 5 5 5 5 5 5 5 5]
 [5 5 5 5 5 5 5 5 5 5]
 [5 5 5 5 5 5 5 5 5 5]
 [5 5 5 5 5 5 5 5 5 5]
 [5 5 5 5 5 5 6 6 5 5]
 [5 5 5 5 5 5 6 3 5 5]]
Actual Output:
[[5 5 5 5 5 5 5 5 5 5]
 [5 5 5 5 5 5 5 5 5 5]
 [5 5 5 5 5 5 5 5 5 5]
 [5 5 5 5 5 5 5 5 5 5]
 [5 5 5 5 5 5 5 5 5 5]
 [5 5 5 5 5 5 5 5 5 5]
 [5 5 5 5 5 5 5 5 5 5]
 [5 5 5 5 5 5 5 5 5 5]
 [5 5 5 5 5 5 3 3 5 5]
 [5 5 5 5 5 5 3 3 5 5]]
Correct: False
----------------------------------------
Example 2:
Input grid dimensions: (10, 10)
Green object bounding box: ((6, 6), (8, 6))
Magenta object bounding box: ((9, 6), (9, 6))
Input Grid:
[[5 5 5 5 5 5 5 5 5 5]
 [5 5 5 5 5 5 5 5 5 5]
 [5 5 5 5 5 5 5 5 5 5]
 [5 5 5 5 5 5 5 5 5 5]
 [5 5 5 5 5 5 5 5 5 5]
 [5 5 5 5 5 5 5 5 5 5]
 [5 5 5 5 5 5 3 5 5 5]
 [5 5 5 5 5 5 3 5 5 5]
 [5 5 5 5 5 5 3 5 5 5]
 [5 5 5 5 5 5 6 5 5 5]]
Expected Output:
[[5 5 5 5 5 5 5 5 5 5]
 [5 5 5 5 5 5 5 5 5 5]
 [5 5 5 5 5 5 5 5 5 5]
 [5 5 5 5 5 5 5 5 5 5]
 [5 5 5 5 5 5 5 5 5 5]
 [5 5 5 5 5 5 5 5 5 5]
 [5 5 5 5 5 5 6 5 5 5]
 [5 5 5 5 5 5 6 5 5 5]
 [5 5 5 5 5 5 6 5 5 5]
 [5 5 5 5 5 5 3 5 5 5]]
Actual Output:
[[5 5 5 5 5 5 5 5 5 5]
 [5 5 5 5 5 5 5 5 5 5]
 [5 5 5 5 5 5 5 5 5 5]
 [5 5 5 5 5 5 5 5 5 5]
 [5 5 5 5 5 5 5 5 5 5]
 [5 5 5 5 5 5 5 5 5 5]
 [5 5 5 5 5 5 3 5 5 5]
 [5 5 5 5 5 5 3 5 5 5]
 [5 5 5 5 5 5 3 5 5 5]
 [5 5 5 5 5 5 3 5 5 5]]
Correct: False
----------------------------------------
Example 3:
Input grid dimensions: (10, 10)
Green object bounding box: ((7, 6), (9, 8))
Magenta object bounding box: ((8, 7), (8, 7))
Input Grid:
[[5 5 5 5 5 5 5 5 5 5]
 [5 5 5 5 5 5 5 5 5 5]
 [5 5 5 5 5 5 5 5 5 5]
 [5 5 5 5 5 5 5 5 5 5]
 [5 5 5 5 5 5 5 5 5 5]
 [5 5 5 5 5 5 5 5 5 5]
 [5 5 5 5 5 5 5 5 5 5]
 [5 5 5 5 5 5 3 3 3 5]
 [5 5 5 5 5 5 3 6 3 5]
 [5 5 5 5 5 5 3 3 3 5]]
Expected Output:
[[5 5 5 5 5 5 5 5 5 5]
 [5 5 5 5 5 5 5 5 5 5]
 [5 5 5 5 5 5 5 5 5 5]
 [5 5 5 5 5 5 5 5 5 5]
 [5 5 5 5 5 5 5 5 5 5]
 [5 5 5 5 5 5 5 5 5 5]
 [5 5 5 5 5 5 5 5 5 5]
 [5 5 5 5 5 5 6 6 6 5]
 [5 5 5 5 5 5 6 3 6 5]
 [5 5 5 5 5 5 6 6 6 5]]
Actual Output:
[[5 5 5 5 5 5 5 5 5 5]
 [5 5 5 5 5 5 5 5 5 5]
 [5 5 5 5 5 5 5 5 5 5]
 [5 5 5 5 5 5 5 5 5 5]
 [5 5 5 5 5 5 5 5 5 5]
 [5 5 5 5 5 5 5 5 5 5]
 [5 5 5 5 5 5 5 5 5 5]
 [5 5 5 5 5 5 3 3 3 5]
 [5 5 5 5 5 5 3 3 3 5]
 [5 5 5 5 5 5 3 3 3 5]]
Correct: False
----------------------------------------