Example 1: Differences = 0
Transformed:
[[5 5 5 5 5 5 5]
 [5 5 5 5 5 5 5]
 [5 5 5 5 5 5 5]
 [5 5 5 4 0 5 5]
 [5 5 5 5 2 5 5]
 [5 5 5 5 5 5 5]]
Expected:
[[5 5 5 5 5 5 5]
 [5 5 5 5 5 5 5]
 [5 5 5 5 5 5 5]
 [5 5 5 4 0 5 5]
 [5 5 5 5 2 5 5]
 [5 5 5 5 5 5 5]]

Example 2: Differences = 0
Transformed:
[[4 5 5 5 5 5 5]
 [5 5 5 5 5 5 5]
 [5 5 5 5 5 5 5]
 [5 5 5 5 4 5 5]
 [5 5 5 2 5 5 5]
 [5 5 5 5 5 5 5]]
Expected:
[[4 5 5 5 5 5 5]
 [5 5 5 5 5 5 5]
 [5 5 5 5 5 5 5]
 [5 5 5 5 4 5 5]
 [5 5 5 2 5 5 5]
 [5 5 5 5 5 5 5]]

Example 3: Differences = 0
Transformed:
[[5 5 5 5 5 5 5]
 [5 5 5 4 5 5 5]
 [5 5 5 5 5 5 5]
 [5 5 5 5 5 5 5]
 [5 5 5 2 5 5 5]
 [5 5 5 5 5 5 5]]
Expected:
[[5 5 5 5 5 5 5]
 [5 5 5 4 5 5 5]
 [5 5 5 5 5 5 5]
 [5 5 5 5 5 5 5]
 [5 5 5 2 5 5 5]
 [5 5 5 5 5 5 5]]