Example: [[0, 0, 0, 0, 0, 0, 0, 0, 0], [0, 0, 0, 0, 7, 6, 0, 0, 0], [0, 0, 0, 0, 4, 9, 0, 0, 0], [0, 0, 0, 0, 0, 0, 0, 0, 0], [0, 8, 0, 0, 0, 0, 0, 0, 0]] -> [[0, 0, 0, 0, 0, 0, 0, 0, 0], [0, 0, 0, 0, 0, 0, 0, 0, 0], [0, 0, 0, 0, 0, 0, 0, 0, 0], [0, 0, 0, 0, 0, 0, 7, 6, 0], [0, 0, 0, 0, 7, 6, 4, 9, 0]]
Transformed: [[0, 0, 0, 0, 0, 0, 0, 0, 0], [0, 0, 0, 0, 0, 0, 0, 0, 0], [0, 0, 0, 0, 0, 0, 0, 0, 0], [0, 0, 0, 0, 0, 0, 7, 6, 0], [0, 0, 0, 0, 7, 6, 4, 9, 0]]
Correct: True
Squares found in input: [{'top_left': (1, 4), 'colors': (7, 6, 4, 9)}]
--------------------
Example: [[0, 0, 0, 0, 0, 0, 0, 0], [0, 0, 0, 7, 6, 0, 0, 0], [0, 0, 0, 4, 9, 0, 0, 0], [0, 0, 0, 0, 0, 0, 0, 0], [0, 0, 0, 0, 0, 0, 0, 0]] -> [[0, 0, 0, 0, 0, 0, 0, 0], [0, 0, 0, 0, 0, 0, 0, 0], [0, 0, 0, 0, 0, 0, 0, 0], [0, 0, 0, 0, 0, 7, 6, 0], [0, 0, 0, 7, 6, 4, 9, 0]]
Transformed: [[0, 0, 0, 0, 0, 0, 0, 0], [0, 0, 0, 0, 0, 0, 0, 0], [0, 0, 0, 0, 0, 0, 0, 0], [0, 0, 0, 0, 0, 7, 6, 0], [0, 0, 0, 7, 6, 4, 9, 0]]
Correct: True
Squares found in input: [{'top_left': (1, 3), 'colors': (7, 6, 4, 9)}]
--------------------
Example: [[0, 0, 0, 0, 0, 0, 0], [0, 7, 6, 0, 0, 0, 0], [0, 4, 9, 0, 0, 0, 0], [0, 0, 0, 0, 0, 0, 0], [0, 0, 0, 0, 0, 0, 0]] -> [[0, 0, 0, 0, 0, 0, 0], [0, 0, 0, 0, 0, 0, 0], [0, 0, 0, 0, 0, 0, 0], [0, 7, 6, 0, 0, 0, 0], [7, 6, 4, 9, 0, 0, 0]]
Transformed: [[0, 0, 0, 0, 0, 0, 0], [0, 0, 0, 0, 0, 0, 0], [0, 0, 0, 0, 0, 0, 0], [0, 7, 6, 0, 0, 0, 0], [7, 6, 4, 9, 0, 0, 0]]
Correct: True
Squares found in input: [{'top_left': (1, 1), 'colors': (7, 6, 4, 9)}]
--------------------
Total correct: 3/3