Input:
  Azure (8) Regions: [[(3, 4), (3, 5), (3, 6), (4, 4), (4, 5), (4, 6), (5, 4), (5, 5), (5, 6)]]
  Orange (7) Regions: []
  Magenta (6) Regions: []
  Grid Shape: (9, 10)
Output:
  Azure (8) Regions: []
  Orange (7) Regions: [[(3, 4), (3, 5), (3, 6), (4, 4), (4, 5), (4, 6), (5, 4), (5, 5), (5, 6)]]
  Magenta (6) Regions: []
  Grid Shape: (9, 10)
--------------------
Input:
  Azure (8) Regions: [[(2, 3), (2, 4), (2, 5), (2, 6), (2, 7), (3, 3), (3, 4), (3, 5), (3, 6), (3, 7), (4, 3), (4, 4), (4, 5), (4, 6), (4, 7), (5, 3), (5, 4), (5, 5), (5, 6), (5, 7)]]
  Orange (7) Regions: []
  Magenta (6) Regions: []
  Grid Shape: (9, 10)
Output:
  Azure (8) Regions: []
  Orange (7) Regions: [[(2, 3), (2, 4), (2, 5), (2, 6), (2, 7), (3, 3), (3, 4), (3, 5), (3, 6), (3, 7), (4, 3), (4, 4), (4, 5), (4, 6), (4, 7), (5, 3), (5, 4), (5, 5), (5, 6), (5, 7)]]
  Magenta (6) Regions: []
  Grid Shape: (9, 10)
--------------------
Input:
  Azure (8) Regions: [[(3, 0), (3, 1), (3, 2), (3, 3), (3, 4), (3, 5), (3, 6), (3, 7), (3, 8), (4, 0), (4, 1), (4, 2), (4, 3), (4, 4), (4, 5), (4, 6), (4, 7), (4, 8), (5, 0), (5, 1), (5, 2), (5, 3), (5, 4), (5, 5), (5, 6), (5, 7), (5, 8)]]
  Orange (7) Regions: []
  Magenta (6) Regions: []
  Grid Shape: (9, 9)
Output:
  Azure (8) Regions: []
  Orange (7) Regions: []
  Magenta (6) Regions: [[(3, 0), (3, 1), (3, 2), (3, 3), (3, 4), (3, 5), (3, 6), (3, 7), (3, 8), (4, 0), (4, 1), (4, 2), (4, 3), (4, 4), (4, 5), (4, 6), (4, 7), (4, 8), (5, 0), (5, 1), (5, 2), (5, 3), (5, 4), (5, 5), (5, 6), (5, 7), (5, 8)]]
  Grid Shape: (9, 9)
--------------------
Input:
  Azure (8) Regions: [[(3, 7), (3, 8), (3, 9), (3, 10), (4, 7), (4, 8), (4, 9), (4, 10), (5, 7), (5, 8), (5, 9), (5, 10), (6, 7), (6, 8), (6, 9), (6, 10)]]
  Orange (7) Regions: []
  Magenta (6) Regions: []
  Grid Shape: (15, 15)
Output:
  Azure (8) Regions: []
  Orange (7) Regions: [[(3, 7), (3, 8), (3, 9), (3, 10), (4, 7), (4, 8), (4, 9), (4, 10), (5, 7), (5, 8), (5, 9), (5, 10), (6, 7), (6, 8), (6, 9), (6, 10)]]
  Magenta (6) Regions: []
  Grid Shape: (15, 15)
--------------------