example_0_input = np.array([[8, 8, 8, 8, 8, 8, 8, 8, 8, 8], [8, 8, 0, 0, 0, 0, 0, 8, 8, 8], [8, 0, 0, 0, 0, 0, 0, 0, 8, 8], [8, 0, 0, 2, 0, 0, 2, 0, 0, 8], [8, 8, 0, 0, 0, 0, 0, 0, 8, 8], [8, 8, 8, 0, 0, 0, 0, 8, 8, 8], [8, 8, 8, 8, 8, 8, 8, 8, 8, 8]])
example_0_output = np.array([[8, 8, 8, 8, 8, 8, 8, 8, 8, 8], [8, 8, 4, 4, 4, 4, 4, 8, 8, 8], [8, 4, 4, 4, 4, 4, 4, 4, 8, 8], [8, 4, 4, 4, 4, 4, 4, 4, 4, 8], [8, 8, 4, 4, 4, 4, 4, 4, 8, 8], [8, 8, 8, 4, 4, 4, 4, 8, 8, 8], [8, 8, 8, 8, 8, 8, 8, 8, 8, 8]])
example_0_result = transform(np.copy(example_0_input))
grids_identical, diffs = compare_grids(example_0_output, example_0_result)
print(f"Example 0: Grids Identical: {grids_identical}, Differences: {diffs}")

example_1_input = np.array([[0, 0, 0, 0, 0, 0, 0, 0, 0, 0, 0, 0, 0, 0, 0], [0, 0, 0, 0, 0, 0, 0, 0, 0, 0, 0, 0, 0, 2, 0], [0, 0, 0, 0, 0, 0, 0, 0, 0, 0, 0, 0, 0, 0, 0], [0, 0, 0, 0, 0, 0, 0, 0, 0, 0, 0, 0, 0, 0, 0], [0, 0, 0, 0, 0, 0, 0, 0, 0, 0, 0, 0, 0, 0, 0], [0, 0, 0, 0, 0, 0, 0, 0, 0, 0, 0, 0, 0, 2, 0], [0, 0, 0, 0, 0, 0, 0, 0, 0, 0, 0, 0, 0, 0, 0]])
example_1_output = np.array([[0, 0, 0, 0, 0, 0, 0, 0, 0, 0, 0, 0, 0, 0, 0], [0, 0, 0, 0, 0, 0, 0, 0, 0, 0, 0, 0, 0, 4, 0], [0, 0, 0, 0, 0, 0, 0, 0, 0, 0, 0, 0, 0, 0, 0], [0, 0, 0, 0, 0, 0, 0, 0, 0, 0, 0, 0, 0, 0, 0], [0, 0, 0, 0, 0, 0, 0, 0, 0, 0, 0, 0, 0, 0, 0], [0, 0, 0, 0, 0, 0, 0, 0, 0, 0, 0, 0, 0, 4, 0], [0, 0, 0, 0, 0, 0, 0, 0, 0, 0, 0, 0, 0, 0, 0]])
example_1_result = transform(np.copy(example_1_input))
grids_identical, diffs = compare_grids(example_1_output, example_1_result)
print(f"Example 1: Grids Identical: {grids_identical}, Differences: {diffs}")

example_2_input = np.array([[6, 6, 0, 0, 0, 0, 0, 0, 0, 6, 6, 6, 6, 6, 6], [6, 6, 0, 0, 0, 0, 0, 0, 0, 6, 6, 6, 6, 6, 6], [6, 6, 0, 0, 0, 0, 0, 0, 0, 6, 6, 6, 6, 6, 6], [6, 6, 0, 0, 0, 0, 0, 0, 0, 6, 6, 6, 6, 6, 6], [6, 6, 0, 0, 0, 0, 0, 0, 0, 6, 6, 6, 6, 6, 6], [6, 6, 0, 0, 0, 0, 0, 0, 0, 6, 6, 2, 2, 2, 6], [6, 6, 0, 0, 0, 0, 0, 0, 0, 6, 6, 6, 6, 6, 6]])
example_2_output = np.array([[6, 6, 0, 0, 0, 0, 0, 0, 0, 6, 6, 6, 6, 6, 6], [6, 6, 0, 0, 0, 0, 0, 0, 0, 6, 6, 6, 6, 6, 6], [6, 6, 0, 0, 0, 0, 0, 0, 0, 6, 6, 6, 6, 6, 6], [6, 6, 0, 0, 0, 0, 0, 0, 0, 6, 6, 6, 6, 6, 6], [6, 6, 0, 0, 0, 0, 0, 0, 0, 6, 6, 6, 6, 6, 6], [6, 6, 0, 0, 0, 0, 0, 0, 0, 6, 6, 4, 4, 4, 6], [6, 6, 0, 0, 0, 0, 0, 0, 0, 6, 6, 6, 6, 6, 6]])
example_2_result = transform(np.copy(example_2_input))
grids_identical, diffs = compare_grids(example_2_output, example_2_result)
print(f"Example 2: Grids Identical: {grids_identical}, Differences: {diffs}")