--------------------------------------------------
Example 1:
input:
[[1 1 1 1]
 [1 8 1 1]
 [1 1 1 1]
 [1 1 2 1]]
expected:
[[1 8 1 1]
 [1 8 1 1]
 [1 1 1 1]
 [1 1 2 1]]
transform(input):
[[1 8 1 1]
 [1 8 1 1]
 [1 1 1 1]
 [1 1 2 1]]
result:
SUCCESS!
--------------------------------------------------
Example 2:
input:
[[1 1 1 1 1]
 [1 1 8 1 1]
 [1 1 1 1 1]
 [1 1 1 2 1]
 [1 1 1 1 1]]
expected:
[[1 1 8 1 1]
 [1 1 8 1 1]
 [1 1 1 1 1]
 [1 1 1 2 2]
 [1 1 1 1 1]]
transform(input):
[[1 1 8 1 1]
 [1 1 8 1 1]
 [1 1 1 1 1]
 [1 1 1 2 1]
 [1 1 1 1 1]]
result:
Error: output does not match expected
--------------------------------------------------
Example 3:
input:
[[1 1 1 1 1 1]
 [1 8 1 1 1 1]
 [1 1 1 1 1 1]
 [1 1 1 1 1 1]
 [1 1 1 1 2 1]
 [1 1 1 1 1 1]]
expected:
[[1 8 1 1 1 1]
 [1 8 1 1 1 1]
 [1 1 1 1 1 1]
 [1 1 1 1 2 1]
 [1 1 1 1 2 1]
 [1 1 1 1 1 1]]
transform(input):
[[1 8 1 1 1 1]
 [1 8 1 1 1 1]
 [1 1 1 1 1 1]
 [1 1 1 1 1 1]
 [1 1 1 1 2 1]
 [1 1 1 1 1 1]]
result:
Error: output does not match expected