    [[0 0 0 0 0]
     [0 0 0 0 0]
     [0 0 6 0 0]
     [0 0 0 0 0]]
    ```
*   Expected Output:
    ```
     [[0 0 0 0]
     [0 0 0 0]
     [0 0 0 6]
     [0 0 0 0]
     [0 0 0 0]]
    ```

*   Actual Output:
    ```
    [[0 0 0 0]
     [0 0 0 0]
     [0 0 0 6]
     [0 0 0 0]
     [0 0 0 0]]
    ```

**Example 1:**

*   Input:
    ```
    [[0 6 0 0]
     [0 0 0 6]]
    ```
*   Expected Output:
    ```
    [[0 0]
     [6 0]
     [0 0]
     [0 6]]
    ```
*   Actual Output:
   ```
    [[0 0]
     [6 0]
     [0 0]
     [0 6]]
    ```

**Example 2:**

*   Input:
    ```
    [[6 0 0 0 0 0 0 0]
     [0 0 0 0 0 0 0 0]
     [0 0 0 0 0 0 0 6]]
    ```
*   Expected Output:
    ```
     [[6 0 0]
     [0 0 0]
     [0 0 0]
     [0 0 0]
     [0 0 0]
     [0 0 0]
     [0 0 0]
     [0 0 6]]
    ```
*   Actual Output:
    ```
    [[6 0 0]
     [0 0 0]
     [0 0 0]
     [0 0 0]
     [0 0 0]
     [0 0 0]
     [0 0 0]
     [0 0 6]]
    ```

**YAML Facts:**
