        [[0, 0, 0, 0, 0, 0],
         [0, 0, 3, 0, 0, 0],
         [0, 0, 0, 0, 0, 0],
         [0, 0, 0, 0, 3, 0],
         [0, 0, 0, 0, 0, 0],
         [0, 0, 3, 0, 0, 0]]
        ```
    *   Expected Output:
        ```
        [[0, 0, 4, 0, 0, 0],
         [0, 0, 3, 0, 0, 0],
         [0, 0, 4, 0, 0, 0],
         [0, 0, 0, 0, 3, 0],
         [0, 0, 0, 0, 4, 0],
         [0, 0, 3, 0, 0, 0]]
        ```
    *   Actual Output:
        ```
        [[0, 0, 4, 0, 0, 0],
         [0, 0, 3, 0, 0, 0],
         [0, 0, 4, 0, 4, 0],
         [0, 0, 0, 0, 3, 0],
         [0, 0, 4, 0, 4, 0],
         [4, 4, 3, 0, 0, 0]]
        ```
    *   Result: **Failure**. The "Fill Gaps" and "Corners" rules incorrectly changed \[5,0] and \[5,1] to 4, and \[2,4] and \[4,4] were not changed when they should have been.

*   **Example 3:**
    *    Input:
        ```
        [[0, 0, 0, 0, 0],
         [0, 0, 0, 0, 0],
         [0, 3, 0, 3, 0],
         [0, 0, 0, 0, 0],
         [0, 0, 0, 0, 0]]
        ```
    *   Expected Output:
        ```
        [[0, 0, 0, 0, 0],
         [0, 4, 0, 4, 0],
         [0, 3, 0, 3, 0],
         [0, 4, 0, 4, 0],
         [0, 0, 0, 0, 0]]
        ```
        
    *    Actual Output:
        ```
        [[0, 0, 0, 0, 0],
         [0, 4, 0, 4, 0],
         [0, 3, 0, 3, 0],
         [0, 4, 0, 4, 0],
         [0, 0, 0, 0, 0]]
        ```

    *   Result: **Success**. The changes correctly propagated.

**YAML Facts:**
