example: 1
color changes:
 {(5, 11, 4): 3, (5, 14, 4): 7, (6, 13, 4): 3, (9, 11, 1): 9, (7, 10, 4): 1, (8, 10, 1): 1, (5, 12, 4): 8, (6, 11, 4): 9, (10, 14, 7): 9, (7, 13, 4): 3, (6, 14, 4): 7, (5, 13, 4): 9, (9, 10, 6): 1, (10, 11, 4): 3, (7, 11, 4): 1, (8, 11, 1): 1, (10, 12, 4): 8, (10, 13, 4): 9}
example: 2
color changes:
 {(7, 11, 4): 5, (9, 11, 4): 5, (2, 1, 1): 5, (10, 11, 1): 5, (6, 11, 5): 4, (1, 1, 6): 1, (8, 11, 4): 5, (8, 12, 4): 5, (8, 13, 4): 5, (9, 12, 4): 8, (9, 13, 4): 8, (7, 12, 5): 2, (7, 13, 5): 8, (6, 12, 8): 5, (6, 13, 8): 6, (1, 2, 4): 5}
example: 3
color changes:
 {(10, 11, 5): 6, (12, 6, 4): 7, (7, 13, 4): 1, (7, 6, 7): 3, (7, 7, 6): 1, (8, 6, 7): 3, (9, 6, 7): 1, (12, 13, 8): 7, (8, 13, 4): 2, (13, 7, 8): 6, (14, 6, 8): 2, (8, 7, 1): 3, (12, 12, 4): 8, (12, 7, 8): 6, (7, 12, 4): 2, (13, 6, 2): 8}
example: 4
color changes:
 {(1, 14, 4): 5, (1, 10, 4): 5, (1, 13, 4): 6, (8, 3, 4): 6, (9, 3, 4): 6, (8, 4, 4): 1, (9, 4, 4): 1, (2, 10, 4): 1, (9, 10, 4): 1, (2, 13, 4): 3, (1, 11, 4): 9, (7, 4, 4): 1, (2, 14, 4): 6, (7, 3, 6): 6, (2, 11, 4): 9, (1, 12, 4): 2, (8, 12, 1): 6, (9, 12, 1): 6, (2, 12, 4): 3}
