import numpy as np

def analyze_example(input_grid, output_grid):
    input_grid = np.array(input_grid)
    output_grid = np.array(output_grid)

    print(f"Input Grid Size: {input_grid.shape}")
    print(f"Output Grid Size: {output_grid.shape}")

    for row_idx in range(input_grid.shape[0]):
        input_row = input_grid[row_idx]
        output_row = output_grid[row_idx]

        blue_pixels = np.where(input_row == 1)[0]
        red_pixels = np.where(input_row == 2)[0]

        if blue_pixels.size > 0 or red_pixels.size > 0:
            if blue_pixels.size > 0 and red_pixels.size > 0:
              midpoint = (blue_pixels[-1] + red_pixels[0]) // 2
              print(f"Row {row_idx}: Blue Pixels at {blue_pixels}, Red Pixels at {red_pixels}, Midpoint: {midpoint}")
            elif blue_pixels.size > 0:
              print(f"Row {row_idx}: Blue Pixels at {blue_pixels}")
            elif red_pixels.size > 0:
              print(f"Row {row_idx}: Red Pixels at {red_pixels}")

        print(f"Row {row_idx}: Input - {input_row}, Output - {output_row}")

examples = [
    (
        [[0, 0, 0, 0, 0, 0, 0, 0, 0, 0],
         [0, 0, 0, 0, 0, 0, 0, 0, 0, 0],
         [0, 0, 0, 0, 0, 0, 0, 0, 0, 0],
         [0, 0, 0, 0, 1, 0, 0, 2, 0, 0],
         [0, 0, 0, 0, 0, 0, 0, 0, 0, 0],
         [0, 0, 0, 0, 0, 0, 0, 0, 0, 0],
         [0, 0, 0, 0, 0, 0, 0, 0, 0, 0]],

        [[0, 0, 0, 0, 0, 0, 0, 0, 0, 0],
         [0, 0, 0, 0, 0, 0, 0, 0, 0, 0],
         [0, 0, 0, 0, 0, 0, 0, 0, 0, 0],
         [1, 1, 1, 1, 1, 5, 2, 2, 2, 2],
         [0, 0, 0, 0, 0, 0, 0, 0, 0, 0],
         [0, 0, 0, 0, 0, 0, 0, 0, 0, 0],
         [0, 0, 0, 0, 0, 0, 0, 0, 0, 0]]
    ),
    (
        [[0, 0, 0, 0, 0, 0, 0, 0, 0, 0, 0, 0, 0, 0, 0, 0],
         [0, 0, 0, 0, 0, 0, 0, 0, 0, 0, 0, 0, 0, 0, 0, 0],
         [0, 0, 0, 0, 0, 0, 0, 0, 0, 0, 0, 0, 0, 0, 0, 0],
         [0, 0, 0, 0, 0, 0, 0, 0, 0, 0, 0, 0, 0, 0, 0, 0],
         [0, 0, 0, 0, 0, 0, 2, 0, 0, 0, 0, 1, 0, 0, 0, 0],
         [0, 0, 0, 0, 0, 0, 0, 0, 0, 0, 0, 0, 0, 0, 0, 0],
         [0, 0, 0, 0, 0, 0, 0, 0, 0, 0, 0, 0, 0, 0, 0, 0]],

        [[0, 0, 0, 0, 0, 0, 0, 0, 0, 0, 0, 0, 0, 0, 0, 0],
         [0, 0, 0, 0, 0, 0, 0, 0, 0, 0, 0, 0, 0, 0, 0, 0],
         [0, 0, 0, 0, 0, 0, 0, 0, 0, 0, 0, 0, 0, 0, 0, 0],
         [0, 0, 0, 0, 0, 0, 0, 0, 0, 0, 0, 0, 0, 0, 0, 0],
         [1, 1, 1, 1, 1, 1, 1, 5, 2, 2, 2, 2, 2, 2, 2, 2],
         [0, 0, 0, 0, 0, 0, 0, 0, 0, 0, 0, 0, 0, 0, 0, 0],
         [0, 0, 0, 0, 0, 0, 0, 0, 0, 0, 0, 0, 0, 0, 0, 0]]
    ),
    (
        [[0, 0, 0, 0, 0, 0, 0, 0, 0, 0],
         [0, 0, 0, 6, 1, 0, 0, 2, 0, 0],
         [0, 0, 0, 0, 0, 0, 0, 0, 0, 0],
         [0, 0, 0, 0, 0, 0, 0, 0, 0, 0],
         [0, 0, 0, 0, 0, 0, 0, 0, 0, 0]],

        [[0, 0, 0, 0, 0, 0, 0, 0, 0, 0],
         [1, 1, 1, 1, 1, 5, 2, 2, 2, 2],
         [0, 0, 0, 0, 0, 0, 0, 0, 0, 0],
         [0, 0, 0, 0, 0, 0, 0, 0, 0, 0],
         [0, 0, 0, 0, 0, 0, 0, 0, 0, 0]]
    ),
    (
       [[0, 0, 0, 0, 0, 0, 0, 0, 0, 0, 0, 0, 0, 0],
        [0, 0, 0, 0, 0, 0, 0, 0, 0, 0, 0, 0, 0, 0],
        [0, 0, 0, 0, 0, 0, 0, 0, 0, 0, 0, 0, 0, 0],
        [0, 0, 0, 0, 0, 0, 2, 0, 0, 1, 0, 0, 0, 0],
        [0, 0, 0, 0, 0, 0, 0, 0, 0, 0, 0, 0, 0, 0],
        [0, 0, 0, 0, 0, 0, 0, 0, 0, 0, 0, 0, 0, 0],
        [0, 0, 0, 0, 0, 0, 0, 0, 0, 0, 0, 0, 0, 0]],

       [[0, 0, 0, 0, 0, 0, 0, 0, 0, 0, 0, 0, 0, 0],
        [0, 0, 0, 0, 0, 0, 0, 0, 0, 0, 0, 0, 0, 0],
        [0, 0, 0, 0, 0, 0, 0, 0, 0, 0, 0, 0, 0, 0],
        [1, 1, 1, 1, 1, 1, 1, 5, 2, 2, 2, 2, 2, 2],
        [0, 0, 0, 0, 0, 0, 0, 0, 0, 0, 0, 0, 0, 0],
        [0, 0, 0, 0, 0, 0, 0, 0, 0, 0, 0, 0, 0, 0],
        [0, 0, 0, 0, 0, 0, 0, 0, 0, 0, 0, 0, 0, 0]]
    )
]

for input_grid, output_grid in examples:
    analyze_example(input_grid, output_grid)
    print("-" * 30)