    [[0, 0, 0, 0, 0, 0, 0],
     [0, 0, 0, 0, 0, 0, 0],
     [0, 0, 5, 5, 5, 0, 0],
     [0, 0, 0, 0, 0, 0, 0],
     [0, 0, 0, 0, 0, 0, 0],
     [0, 0, 5, 5, 5, 0, 0],
     [0, 0, 0, 0, 0, 0, 0]]
    ```
*   Output:
    ```
    [[0, 0, 0, 0, 0, 0, 0],
     [0, 0, 0, 0, 0, 0, 0],
     [0, 0, 1, 1, 1, 0, 0],
     [0, 0, 0, 0, 0, 0, 0],
     [0, 0, 0, 0, 0, 0, 0],
     [0, 0, 2, 2, 2, 0, 0],
     [0, 0, 0, 0, 0, 0, 0]]
    ```
*   Gray Blocks:
    *   `((2, 2), (2, 4))` - Horizontal - becomes blue (1)
    *   `((5, 2), (5, 4))` - Horizontal - becomes red (2)

**Example 1:**

*   Input:
    ```
    [[0, 0, 0, 0, 0, 0, 0, 0],
     [0, 5, 5, 0, 0, 0, 0, 0],
     [0, 5, 5, 0, 0, 0, 0, 0],
     [0, 0, 0, 0, 0, 0, 5, 5],
     [0, 0, 0, 0, 0, 0, 5, 5],
     [0, 0, 0, 0, 0, 0, 5, 5],
     [0, 0, 0, 0, 0, 0, 0, 0]]
    ```
*   Output:

    ```
    [[0, 0, 0, 0, 0, 0, 0, 0],
     [0, 4, 4, 0, 0, 0, 0, 0],
     [0, 4, 4, 0, 0, 0, 0, 0],
     [0, 0, 0, 0, 0, 0, 4, 4],
     [0, 0, 0, 0, 0, 0, 4, 4],
     [0, 0, 0, 0, 0, 0, 4, 4],
     [0, 0, 0, 0, 0, 0, 0, 0]]
    ```
*   Gray Blocks:
    *   `((1, 1), (2, 2))` - Vertical - becomes yellow (4)
    *   `((3, 6), (5, 7))` - Vertical - becomes yellow (4)

**Example 2:**

*   Input:
    ```
    [[0, 0, 0, 0, 0, 0, 0, 0, 0],
     [0, 0, 0, 5, 5, 5, 0, 0, 0],
     [0, 0, 0, 0, 0, 0, 0, 0, 0],
     [0, 0, 0, 5, 5, 5, 0, 0, 0],
     [0, 0, 0, 0, 0, 0, 0, 0, 0],
     [0, 0, 0, 5, 5, 5, 0, 0, 0],
     [0, 0, 0, 0, 0, 0, 0, 0, 0]]
    ```
*   Output:
    ```
    [[0, 0, 0, 0, 0, 0, 0, 0, 0],
     [0, 0, 0, 1, 1, 1, 0, 0, 0],
     [0, 0, 0, 0, 0, 0, 0, 0, 0],
     [0, 0, 0, 1, 1, 1, 0, 0, 0],
     [0, 0, 0, 0, 0, 0, 0, 0, 0],
     [0, 0, 0, 2, 2, 2, 0, 0, 0],
     [0, 0, 0, 0, 0, 0, 0, 0, 0]]
    ```
*    Gray Blocks:
    *   `((1,3), (1,5))` - Horizontal, becomes Blue
    *   `((3,3), (3,5))` - Horizontal, becomes Blue
    *    `((5,3), (5,5))` - Horizontal, becomes Red

**YAML Facts:**
