    [[0, 0, 0, 0, 0, 0, 0, 0, 0, 0],
     [0, 0, 0, 0, 0, 0, 0, 0, 0, 0],
     [0, 0, 0, 0, 0, 0, 0, 0, 0, 0],
     [0, 0, 0, 0, 2, 0, 0, 0, 0, 0],
     [0, 0, 0, 0, 0, 0, 0, 0, 0, 0],
     [0, 0, 0, 0, 0, 0, 0, 0, 0, 0],
     [0, 0, 0, 0, 0, 0, 3, 0, 0, 0],
     [0, 0, 0, 0, 0, 0, 0, 0, 0, 0],
     [0, 0, 0, 0, 0, 0, 0, 0, 0, 0],
     [0, 0, 0, 0, 0, 0, 0, 0, 0, 0]]
    ```
*   **Expected Output:**
    ```
    [[0, 0, 0, 0, 0, 0, 0, 0, 0, 0],
     [0, 0, 0, 0, 2, 0, 0, 0, 0, 0],
     [0, 0, 0, 0, 2, 0, 0, 0, 0, 0],
     [0, 0, 0, 2, 2, 2, 5, 0, 0, 0],
     [0, 0, 0, 0, 2, 0, 5, 0, 0, 0],
     [0, 0, 0, 0, 0, 0, 5, 0, 0, 0],
     [0, 0, 0, 0, 5, 5, 3, 3, 3, 0],
     [0, 0, 0, 0, 0, 0, 3, 3, 3, 0],
     [0, 0, 0, 0, 0, 0, 3, 3, 3, 0],
     [0, 0, 0, 0, 0, 0, 0, 0, 0, 0]]

    ```
*   **Actual Output:** (From Previous Code)
    ```
    [[0, 0, 0, 0, 0, 0, 0, 0, 0, 0],
     [0, 0, 0, 0, 2, 0, 0, 0, 0, 0],
     [0, 0, 0, 0, 2, 0, 0, 0, 0, 0],
     [0, 0, 0, 2, 2, 2, 5, 0, 0, 0],
     [0, 0, 0, 0, 2, 0, 0, 0, 0, 0],
     [0, 0, 0, 0, 0, 0, 5, 0, 0, 0],
     [0, 0, 0, 0, 0, 0, 3, 3, 3, 0],
     [0, 0, 0, 0, 0, 0, 3, 3, 3, 0],
     [0, 0, 0, 0, 0, 0, 3, 3, 3, 0],
     [0, 0, 0, 0, 0, 0, 0, 0, 0, 0]]
    ```

*   **Analysis:** The overlap is not completely correct. The center point of the red square and the center point of the green square should both turn to 5, as well as every pixel of the red square that potentially overlaps with the green square and vice versa.

**Example 1**
*   **Input:**
    ```
    [[0, 0, 0, 0, 0, 0, 0, 0, 0, 0],
     [0, 0, 0, 0, 0, 0, 0, 0, 0, 0],
     [0, 0, 0, 0, 0, 0, 0, 0, 0, 0],
     [0, 0, 0, 0, 0, 0, 0, 0, 0, 0],
     [0, 0, 0, 0, 2, 0, 0, 0, 0, 0],
     [0, 0, 0, 0, 0, 0, 0, 0, 0, 0],
     [0, 0, 0, 0, 0, 0, 0, 0, 0, 0],
     [0, 0, 0, 0, 3, 0, 0, 0, 0, 0],
     [0, 0, 0, 0, 0, 0, 0, 0, 0, 0],
     [0, 0, 0, 0, 0, 0, 0, 0, 0, 0]]
    ```

*   **Expected Output:**
    ```
   [[0, 0, 0, 0, 0, 0, 0, 0, 0, 0],
     [0, 0, 0, 0, 0, 0, 0, 0, 0, 0],
     [0, 0, 0, 0, 0, 0, 0, 0, 0, 0],
     [0, 0, 0, 0, 2, 0, 0, 0, 0, 0],
     [0, 0, 0, 2, 2, 2, 0, 0, 0, 0],
     [0, 0, 0, 2, 5, 2, 0, 0, 0, 0],
     [0, 0, 0, 3, 5, 3, 0, 0, 0, 0],
     [0, 0, 0, 3, 3, 3, 0, 0, 0, 0],
     [0, 0, 0, 0, 0, 0, 0, 0, 0, 0],
     [0, 0, 0, 0, 0, 0, 0, 0, 0, 0]]
    ```

*   **Actual Output:**
    ```
    [[0, 0, 0, 0, 0, 0, 0, 0, 0, 0],
     [0, 0, 0, 0, 0, 0, 0, 0, 0, 0],
     [0, 0, 0, 0, 0, 0, 0, 0, 0, 0],
     [0, 0, 0, 0, 2, 0, 0, 0, 0, 0],
     [0, 0, 0, 2, 2, 2, 0, 0, 0, 0],
     [0, 0, 0, 0, 2, 0, 0, 0, 0, 0],
     [0, 0, 0, 5, 3, 0, 0, 0, 0, 0],
     [0, 0, 0, 3, 3, 3, 0, 0, 0, 0],
     [0, 0, 0, 0, 0, 0, 0, 0, 0, 0],
     [0, 0, 0, 0, 0, 0, 0, 0, 0, 0]]

    ```
*   **Analysis:**  Similar to Example 0, the overlapping area is incorrect.

**Example 2**

*   **Input:**
     ```
    [[0, 0, 0, 0, 0, 0, 0, 0, 0, 0],
     [0, 0, 0, 0, 0, 0, 0, 0, 0, 0],
     [0, 0, 0, 0, 0, 0, 0, 0, 0, 0],
     [0, 0, 0, 0, 0, 0, 0, 0, 0, 0],
     [0, 0, 0, 0, 2, 0, 0, 0, 0, 0],
     [0, 0, 0, 0, 0, 0, 0, 0, 0, 0],
     [0, 0, 0, 0, 0, 0, 3, 0, 0, 0],
     [0, 0, 0, 0, 0, 0, 0, 0, 0, 0],
     [0, 0, 0, 0, 0, 0, 0, 0, 0, 0],
     [0, 0, 0, 0, 0, 0, 0, 0, 0, 0]]
    ```
*   **Expected Output:**
    ```
   [[0, 0, 0, 0, 0, 0, 0, 0, 0, 0],
     [0, 0, 0, 0, 0, 0, 0, 0, 0, 0],
     [0, 0, 0, 0, 0, 0, 0, 0, 0, 0],
     [0, 0, 0, 0, 2, 0, 0, 0, 0, 0],
     [0, 0, 0, 2, 2, 2, 5, 0, 0, 0],
     [0, 0, 0, 0, 2, 0, 5, 0, 0, 0],
     [0, 0, 0, 0, 5, 5, 3, 3, 3, 0],
     [0, 0, 0, 0, 0, 0, 3, 3, 3, 0],
     [0, 0, 0, 0, 0, 0, 0, 0, 0, 0],
     [0, 0, 0, 0, 0, 0, 0, 0, 0, 0]]
    ```
*   **Actual Output:**
    ```
   [[0, 0, 0, 0, 0, 0, 0, 0, 0, 0],
     [0, 0, 0, 0, 0, 0, 0, 0, 0, 0],
     [0, 0, 0, 0, 0, 0, 0, 0, 0, 0],
     [0, 0, 0, 0, 2, 0, 0, 0, 0, 0],
     [0, 0, 0, 2, 2, 2, 5, 0, 0, 0],
     [0, 0, 0, 0, 2, 0, 0, 0, 0, 0],
     [0, 0, 0, 0, 0, 0, 3, 3, 3, 0],
     [0, 0, 0, 0, 0, 0, 3, 3, 3, 0],
     [0, 0, 0, 0, 0, 0, 0, 0, 0, 0],
     [0, 0, 0, 0, 0, 0, 0, 0, 0, 0]]
    ```

*   **Analysis:** Same issue as before.

**YAML Facts**
