Example 1:
  Input:
[[0 0 0 0 0 0 0]
 [0 0 0 0 0 0 0]
 [0 0 0 2 0 0 0]
 [0 0 0 0 0 0 0]
 [0 0 0 4 0 0 0]
 [0 0 0 0 0 0 0]
 [0 0 0 0 0 0 0]]
  Expected Output:
[[0 0 0 0 0 0 0]
 [0 0 0 2 0 0 0]
 [0 0 0 2 0 0 0]
 [0 0 0 5 0 0 0]
 [0 0 0 4 0 0 0]
 [0 0 0 4 0 0 0]
 [0 0 0 0 0 0 0]]
  Predicted Output:
[[0 0 0 0 0 0 0]
 [0 0 0 2 0 0 0]
 [0 0 0 2 0 0 0]
 [0 0 0 0 0 0 0]
 [0 0 0 4 0 0 0]
 [0 0 0 4 0 0 0]
 [0 0 0 0 0 0 0]]
  Metrics: {'correct_pixels': 48, 'incorrect_pixels': 1, 'total_pixels': 49, 'accuracy': 0.9795918367346939}
--------------------
Example 2:
  Input:
[[0 0 0 0 0 0 0 0 0]
 [0 0 0 0 0 0 0 0 0]
 [0 0 0 0 0 0 0 0 0]
 [0 0 0 2 0 0 4 0 0]
 [0 0 0 0 0 0 0 0 0]
 [0 0 0 0 0 0 0 0 0]
 [0 0 0 0 0 0 0 0 0]]
  Expected Output:
[[0 0 0 2 0 0 4 0 0]
 [0 0 0 2 0 0 4 0 0]
 [0 0 0 2 0 0 4 0 0]
 [0 0 0 2 0 0 4 0 0]
 [0 0 0 0 0 0 0 0 0]
 [0 0 0 0 0 0 0 0 0]
 [0 0 0 0 0 0 0 0 0]]
  Predicted Output:
[[0 0 0 2 0 0 4 0 0]
 [0 0 0 2 0 0 4 0 0]
 [0 0 0 2 0 0 4 0 0]
 [0 0 0 2 0 0 4 0 0]
 [0 0 0 0 0 0 0 0 0]
 [0 0 0 0 0 0 0 0 0]
 [0 0 0 0 0 0 0 0 0]]
  Metrics: {'correct_pixels': 63, 'incorrect_pixels': 0, 'total_pixels': 63, 'accuracy': 1.0}
--------------------
Example 3:
  Input:
[[0 0 0 0 0 0 0 0 0]
 [0 0 0 0 0 0 0 0 0]
 [0 0 4 0 0 0 2 0 0]
 [0 0 0 0 0 0 0 0 0]
 [0 0 0 0 0 0 0 0 0]
 [0 0 0 0 0 0 0 0 0]
 [0 0 0 0 0 0 0 0 0]]
  Expected Output:
[[0 0 4 0 0 0 2 0 0]
 [0 0 4 0 0 0 2 0 0]
 [0 0 4 0 0 0 2 0 0]
 [0 0 0 0 0 0 0 0 0]
 [0 0 0 0 0 0 0 0 0]
 [0 0 0 0 0 0 0 0 0]
 [0 0 0 0 0 0 0 0 0]]
  Predicted Output:
[[0 0 4 0 0 0 2 0 0]
 [0 0 4 0 0 0 2 0 0]
 [0 0 4 0 0 0 2 0 0]
 [0 0 0 0 0 0 0 0 0]
 [0 0 0 0 0 0 0 0 0]
 [0 0 0 0 0 0 0 0 0]
 [0 0 0 0 0 0 0 0 0]]
  Metrics: {'correct_pixels': 63, 'incorrect_pixels': 0, 'total_pixels': 63, 'accuracy': 1.0}
--------------------
Example 4:
  Input:
[[0 0 0 0 0]
 [0 2 0 4 0]
 [0 0 0 0 0]
 [0 0 0 0 0]]
  Expected Output:
[[0 2 0 4 0]
 [0 2 0 4 0]
 [0 2 0 4 0]
 [0 0 0 0 0]]
  Predicted Output:
[[0 2 0 4 0]
 [0 2 0 4 0]
 [0 2 0 4 0]
 [0 0 0 0 0]]
  Metrics: {'correct_pixels': 20, 'incorrect_pixels': 0, 'total_pixels': 20, 'accuracy': 1.0}
--------------------