Example 1:
Input:
0000000000
0888888000
0888888000
0888888000
0888888000
0888888000
0000000000
Expected Output:
0000000000
0222222000
0111111000
0111111000
0111111000
0111111000
0000000000
Predicted Output:
0000000000
0222222000
0111111000
0111111000
0111111000
0111111000
0000000000
--------------------
Example 2:
Input:
0000000000
0088888000
0088888000
0088888000
0088888000
0088888000
0000000000
Expected Output:
0000000000
0022222000
0011111000
0011111000
0011111000
0011111000
0000000000
Predicted Output:
0000000000
0022222000
0011111000
0011111000
0011111000
0011111000
0000000000
--------------------
Example 3:
Input:
0000000000
0088888880
0088888880
0088888880
0088888880
0088888880
0000000000
Expected Output:
0000000000
0022222220
0011111110
0011111110
0011111110
0011111110
0000000000
Predicted Output:
0000000000
0022222220
0011111110
0011111110
0011111110
0011111110
0000000000
--------------------
Example 4:
Input:
0000000000
0008888000
0008888000
0008888000
0008888000
0008888000
0000000000
Expected Output:
0000000000
0002222000
0001111000
0001111000
0001111000
0001111000
0000000000
Predicted Output:
0000000000
0002222000
0001111000
0001111000
0001111000
0001111000
0000000000
--------------------
Example 5:
Input:
0000000
0088800
0088800
0088800
0088800
0000000
Expected Output:
0000000
0022200
0011100
0011100
0011100
0000000
Predicted Output:
0000000
0022200
0011100
0011100
0011100
0000000
--------------------
Example 6:
Input:
000000000
008888880
008888880
000000000
Expected Output:
000000000
002222220
001111110
000000000
Predicted Output:
000000000
002222220
001111110
000000000
--------------------