Green Regions: [[(5, 3), (5, 4), (5, 5), (5, 6), (5, 7), (5, 8), (5, 9), (6, 3), (6, 4), (6, 5), (6, 6), (6, 7), (6, 8), (7, 3), (7, 4), (7, 5), (7, 6), (7, 7), (8, 3), (8, 4), (8, 5), (8, 6), (8, 7)]]
Structure: [(2, 2), (2, 3), (2, 4), (3, 2), (3, 3), (3, 4), (4, 2), (4, 3), (4, 4)]
Moved Structure: [(6, 3), (6, 4), (6, 5), (7, 3), (7, 4), (7, 5), (8, 3), (8, 4), (8, 5)]
Border Pixels: [(5, 3), (5, 4), (5, 5), (5, 6), (5, 7), (5, 8), (5, 9), (6, 9), (7, 9), (8, 7), (8, 6), (8, 5), (8, 4), (8, 3), (7, 3), (6, 3)]
Input Grid:
[[4 4 4 4 4 4 4 4 4 4 4 4 4 4]
 [4 4 4 4 4 4 4 4 4 4 4 4 4 4]
 [4 4 5 6 4 4 4 4 4 4 4 4 0 0]
 [4 4 5 5 6 4 4 4 4 4 4 0 0 0]
 [4 4 4 5 6 4 4 4 4 4 0 0 0 0]
 [4 4 4 3 3 3 3 3 3 3 0 0 0 0]
 [4 4 4 3 3 3 3 3 3 0 0 0 0 0]
 [4 4 4 3 3 3 3 3 0 0 0 0 0 0]
 [4 4 4 3 3 3 3 3 0 0 0 0 0 0]]
Output Grid:
[[4 4 4 4 4 4 4 4 4 4 4 4 4 4]
 [4 4 4 4 4 4 4 4 4 4 4 4 4 4]
 [4 4 5 6 4 4 4 4 4 4 4 4 0 0]
 [4 4 5 5 6 4 4 4 4 4 4 0 0 0]
 [4 4 4 5 6 4 4 4 4 4 0 0 0 0]
 [4 4 4 5 5 5 5 5 5 5 0 0 0 0]
 [4 4 4 5 5 5 5 5 5 0 0 0 0 0]
 [4 4 4 5 5 5 5 5 0 0 0 0 0 0]
 [4 4 4 5 5 5 5 5 0 0 0 0 0 0]]
Result Grid:
[[4 4 4 4 4 4 4 4 4 4 4 4 4 4]
 [4 4 4 4 4 4 4 4 4 4 4 4 4 4]
 [4 4 5 6 4 4 4 4 4 4 4 4 0 0]
 [4 4 5 5 6 4 4 4 4 4 4 0 0 0]
 [4 4 4 5 6 4 4 4 4 4 0 0 0 0]
 [4 4 4 5 5 5 5 5 5 5 5 5 5 5]
 [4 4 4 5 5 5 5 5 5 5 5 5 5 5]
 [4 4 4 5 5 5 5 5 5 5 5 5 5 5]
 [4 4 4 5 5 5 5 5 5 5 5 5 5 5]]
Differences (Output vs. Result):
(array([5, 5, 5, 5, 5, 6, 6, 6, 6, 7, 7, 7, 8]), array([ 9, 10, 11, 12, 13,  9, 10, 11, 12,  9, 10, 11,  9]))
---