Example 1:
Input:
0 0 0 0 0 0 0 0 0
0 0 0 0 0 0 0 0 0
0 0 0 0 8 0 0 0 0
0 0 0 0 0 0 0 0 0
0 0 0 0 0 0 0 0 0
Expected Output:
8 0 0 0 0 0 0 0 8
0 8 0 0 0 0 0 8 0
0 0 8 0 8 0 8 0 0
0 0 0 8 0 8 0 0 0
0 0 0 0 8 0 0 0 0
Actual Output:
8 0 0 0 0 0 0 0 8
0 8 0 0 0 0 0 8 0
0 0 8 0 8 0 8 0 0
0 0 0 8 0 8 0 0 0
0 0 0 0 8 0 0 0 0
Correct: True
--------------------
Example 2:
Input:
0 0 0 0 0 0 0 0 0 0 0 0 0 0 0
0 0 0 0 0 0 0 0 0 0 0 0 0 0 0
0 0 0 0 0 0 0 0 0 0 0 0 0 0 0
0 0 0 0 0 0 0 0 0 0 0 0 0 0 0
0 0 0 0 0 0 0 0 0 0 0 0 0 0 0
0 0 0 0 0 0 0 8 0 0 0 0 0 0 0
0 0 0 0 0 0 0 0 0 0 0 0 0 0 0
0 0 0 0 0 0 0 0 0 0 0 0 0 0 0
0 0 0 0 0 0 0 0 0 0 0 0 0 0 0
Expected Output:
0 0 0 0 0 8 0 0 0 0 0 8 0 0 0
0 0 0 0 8 0 0 0 0 0 8 0 0 0 0
0 0 0 8 0 0 0 0 0 8 0 0 0 0 0
0 0 8 0 0 0 0 0 8 0 0 0 0 0 0
0 8 0 0 0 0 0 8 0 0 0 0 0 0 0
8 0 0 0 0 0 8 0 0 0 0 0 0 0 8
0 0 0 0 0 8 0 0 0 0 0 0 0 8 0
0 0 0 0 8 0 0 0 0 0 0 0 8 0 0
0 0 0 8 0 0 0 0 0 0 0 8 0 0 0
Actual Output:
0 0 0 0 0 8 0 0 0 0 0 8 0 0 0
0 0 0 0 8 0 0 0 0 0 8 0 0 0 0
0 0 0 8 0 0 0 0 0 8 0 0 0 0 0
0 0 8 0 0 0 0 0 8 0 0 0 0 0 0
0 8 0 0 0 0 0 8 0 0 0 0 0 0 0
8 0 0 0 0 0 8 0 0 0 0 0 0 0 8
0 0 0 0 0 8 0 0 0 0 0 0 0 8 0
0 0 0 0 8 0 0 0 0 0 0 0 8 0 0
0 0 0 8 0 0 0 0 0 0 0 8 0 0 0
Correct: True
--------------------
Example 3:
Input:
0 0 0 0 0 0 0 0 0 0
0 0 0 0 0 0 0 0 0 0
0 0 0 0 0 0 0 0 0 0
0 0 0 0 0 0 0 0 0 0
0 0 0 0 0 0 0 0 0 0
0 0 0 0 8 0 0 0 0 0
0 0 0 0 0 0 0 0 0 0
0 0 0 0 0 0 0 0 0 0
0 0 0 0 0 0 0 0 0 0
0 0 0 0 0 0 0 0 0 0
Expected Output:
0 0 0 0 8 0 0 0 0 0
0 0 0 8 0 8 0 0 0 0
0 0 8 0 0 0 8 0 0 0
0 8 0 0 0 0 0 8 0 0
8 0 0 0 0 0 0 0 8 0
0 0 0 0 8 0 0 0 0 0
0 0 0 0 0 8 0 0 0 0
0 0 0 0 8 0 0 0 0 0
0 0 0 8 0 0 0 0 0 0
0 0 8 0 0 0 0 0 0 0
Actual Output:
0 0 0 0 8 0 0 0 0 0
0 0 0 8 0 8 0 0 0 0
0 0 8 0 0 0 8 0 0 0
0 8 0 0 0 0 0 8 0 0
8 0 0 0 0 0 0 0 8 0
0 0 0 0 8 0 0 0 0 0
0 0 0 0 0 8 0 0 0 0
0 0 0 0 8 0 0 0 0 0
0 0 0 8 0 0 0 0 0 0
0 0 8 0 0 0 0 0 0 0
Correct: True
--------------------