    [[0 0 0 0 0 0 0 0 0 0]
     [0 0 0 0 0 0 0 0 0 0]
     [0 0 0 0 0 0 0 0 0 2]
     [0 0 0 0 0 0 0 0 0 2]
     [0 0 0 0 0 0 0 0 0 2]
     [0 0 0 0 5 5 5 5 5 5]
     [0 0 0 0 5 5 5 5 5 5]
     [2 2 2 2 5 5 5 5 5 5]
     [0 0 0 0 5 5 5 5 5 5]
     [0 0 0 0 5 5 5 5 5 5]]
    ```
*   **Expected Output:**
    ```
    [[0 0 0 0 0 0 0 0 0 0]
     [0 0 0 0 0 0 0 0 0 0]
     [0 0 0 0 0 0 0 0 0 0]
     [0 0 0 0 0 0 0 0 0 0]
     [0 0 0 0 0 0 0 0 0 0]
     [0 0 0 0 0 0 0 0 0 0]
     [0 0 0 0 0 0 0 0 0 0]
     [2 2 2 2 0 0 0 0 0 0]
     [0 0 0 0 0 0 0 0 0 2]
     [0 0 0 0 0 0 0 0 0 2]]
    ```
*   **Actual Output:** Matches Expected.
*    **Notes**: Gray is removed. The red lines shift.

**Example 1**

*   **Input:**
    ```
    [[0 0 0 0 0 0 0 0]
     [0 5 5 5 5 5 5 0]
     [0 5 5 5 5 5 5 0]
     [0 5 5 5 5 5 5 0]
     [0 5 5 5 5 5 5 0]
     [2 5 5 5 5 5 5 2]
     [0 5 5 5 5 5 5 0]
     [0 5 5 5 5 5 5 0]
     [0 5 5 5 5 5 5 0]]
    ```
*   **Expected Output:**
    ```
     [[0 0 0 0 0 0 0 0]
     [0 0 0 0 0 0 0 0]
     [0 0 0 0 0 0 0 0]
     [0 0 0 0 0 0 0 0]
     [0 0 0 0 0 0 0 0]
     [2 0 0 0 0 0 0 2]
     [0 0 0 0 0 0 0 0]
     [0 0 0 0 0 0 0 0]
     [0 0 0 0 0 0 0 0]]
    ```
*   **Actual Output:** Matches Expected
*    **Notes**: Gray is removed. The red lines shift.

**Example 2**

*   **Input:**
    ```
    [[5 5 5 5 5 5]
     [5 5 5 5 5 5]
     [5 5 2 5 5 2]
     [5 5 5 5 5 5]
     [5 5 2 5 5 2]
     [5 5 5 5 5 5]]
    ```
*   **Expected Output:**
    ```
    [[0 0 0 0 0 0]
     [0 0 0 0 0 0]
     [0 0 2 0 0 2]
     [0 0 0 0 0 0]
     [0 0 2 0 0 2]
     [0 0 0 0 0 0]]
    ```
*   **Actual Output:** Matches expected.
*   **Notes**: Gray is removed. The red stays in the same position.

**Example 3**
*   **Input:**
    ```
     [[5 5 5 5 5 5 5 5 5]
     [5 5 5 5 5 5 5 5 5]
     [5 2 2 2 2 2 2 2 5]
     [5 5 5 5 5 5 5 5 5]
     [5 5 5 5 5 5 5 5 5]
     [5 5 5 5 5 5 5 5 5]
     [5 5 5 5 5 5 5 5 5]
     [5 2 2 2 2 2 2 2 5]
     [5 5 5 5 5 5 5 5 5]]
    ```
*   **Expected Output:**
    ```
    [[0 0 0 0 0 0 0 0 0]
     [0 0 0 0 0 0 0 0 0]
     [0 2 2 2 2 2 2 2 0]
     [0 0 0 0 0 0 0 0 0]
     [0 0 0 0 0 0 0 0 0]
     [0 0 0 0 0 0 0 0 0]
     [0 0 0 0 0 0 0 0 0]
     [0 2 2 2 2 2 2 2 0]
     [0 0 0 0 0 0 0 0 0]]
    ```
*   **Actual Output:** Matches Expected.
*   **Notes**: Gray is removed. The red stays in the same position.

**YAML Facts**
