Example 1:
Input:
[[4 4 4 4 4 4 4 4 4]
 [4 2 2 2 2 2 2 2 4]
 [4 2 1 1 1 1 1 2 4]
 [4 2 1 3 3 3 1 2 4]
 [4 2 1 3 3 3 1 2 4]
 [4 2 1 3 3 3 1 2 4]
 [4 2 1 1 1 1 1 2 4]
 [4 2 2 2 2 2 2 2 4]
 [4 4 4 4 4 4 4 4 4]]
Expected Output:
[[8 8 8 8 8 8 8 8 8]
 [8 5 5 5 5 5 5 5 8]
 [8 5 3 3 3 3 3 5 8]
 [8 5 3 1 1 1 3 5 8]
 [8 5 3 1 1 1 3 5 8]
 [8 5 3 1 1 1 3 5 8]
 [8 5 3 3 3 3 3 5 8]
 [8 5 5 5 5 5 5 5 8]
 [8 8 8 8 8 8 8 8 8]]
Predicted Output:
[[8 8 8 8 8 8 8 8 8]
 [8 5 5 5 5 5 5 5 8]
 [8 5 3 3 3 3 3 5 8]
 [8 5 3 1 1 1 3 5 8]
 [8 5 3 1 1 1 3 5 8]
 [8 5 3 1 1 1 3 5 8]
 [8 5 3 3 3 3 3 5 8]
 [8 5 5 5 5 5 5 5 8]
 [8 8 8 8 8 8 8 8 8]]
Matches Expected: True

Example 2:
Input:
[[4 4 4 4 4]
 [4 2 2 2 4]
 [4 2 1 2 4]
 [4 2 2 2 4]
 [4 4 4 4 4]]
Expected Output:
[[8 8 8 8 8]
 [8 5 5 5 8]
 [8 5 3 5 8]
 [8 5 5 5 8]
 [8 8 8 8 8]]
Predicted Output:
[[8 8 8 8 8]
 [8 5 5 5 8]
 [8 5 3 5 8]
 [8 5 5 5 8]
 [8 8 8 8 8]]
Matches Expected: True

Example 3:
Input:
[[4 4 4]
 [4 2 4]
 [4 4 4]]
Expected Output:
[[8 8 8]
 [8 5 8]
 [8 8 8]]
Predicted Output:
[[8 8 8]
 [8 5 8]
 [8 8 8]]
Matches Expected: True