Input Grid:
[[0 0 0 0 0 0 0 0 0]
 [0 0 0 0 0 0 0 0 0]
 [0 0 0 0 7 0 0 0 0]
 [0 0 0 7 7 7 0 0 0]
 [0 0 0 0 7 0 0 0 0]
 [0 0 0 0 0 0 0 0 0]
 [0 0 0 0 0 0 0 0 0]]
Expected Output Grid:
[[0 0 0 0 0 0 0 0 0]
 [0 0 0 0 0 0 0 0 0]
 [0 0 0 0 7 0 0 0 0]
 [0 0 0 7 7 7 0 0 0]
 [0 0 0 0 7 0 0 0 0]
 [0 0 0 0 0 0 0 0 0]
 [0 0 0 0 0 0 0 0 0]]
Predicted Output Grid:
[[0 0 0 0 0 0 0 0 0]
 [0 0 0 0 0 0 0 0 0]
 [0 0 0 0 7 0 0 0 0]
 [0 0 0 7 7 7 0 0 0]
 [0 0 0 0 7 0 0 0 0]
 [0 0 0 0 0 0 0 0 0]
 [0 0 0 0 0 0 0 0 0]]
Orange Pixels (Input): [(2, 4), (3, 3), (3, 4), (3, 5), (4, 4)]
Bounding Box (min_row, min_col, max_row, max_col): 2 3 4 5
Correct: True
--------------------
Input Grid:
[[0 0 0 0 0 0 0 0 0 0 0]
 [0 0 0 0 0 0 0 0 0 0 0]
 [0 0 0 0 0 0 0 0 0 0 0]
 [0 0 0 0 7 7 7 0 0 0 0]
 [0 0 0 0 0 0 0 0 0 0 0]
 [0 0 0 0 0 0 0 0 0 0 0]]
Expected Output Grid:
[[0 0 0 0 0 0 0 0 0 0 0]
 [0 0 0 0 7 7 7 0 0 0 0]
 [0 0 0 0 7 7 7 0 0 0 0]
 [0 0 0 0 7 7 7 0 0 0 0]
 [0 0 0 0 0 0 0 0 0 0 0]
 [0 0 0 0 0 0 0 0 0 0 0]]
Predicted Output Grid:
[[0 0 0 0 0 0 0 0 0 0 0]
 [0 0 0 0 0 0 0 0 0 0 0]
 [0 0 0 0 0 0 0 0 0 0 0]
 [0 0 0 0 7 7 7 0 0 0 0]
 [0 0 0 0 0 0 0 0 0 0 0]
 [0 0 0 0 0 0 0 0 0 0 0]]
Orange Pixels (Input): [(3, 4), (3, 5), (3, 6)]
Bounding Box (min_row, min_col, max_row, max_col): 3 4 3 6
Correct: False
--------------------
Input Grid:
[[0 0 0 0 0 0 0 0]
 [0 0 0 0 0 0 0 0]
 [0 0 0 0 0 0 0 0]
 [0 0 0 7 7 0 0 0]
 [0 0 0 0 0 0 0 0]
 [0 0 0 0 0 0 0 0]
 [0 0 0 0 0 0 0 0]]
Expected Output Grid:
[[0 0 0 0 0 0 0 0]
 [0 0 0 7 7 0 0 0]
 [0 0 0 7 7 0 0 0]
 [0 0 0 7 7 0 0 0]
 [0 0 0 0 0 0 0 0]
 [0 0 0 0 0 0 0 0]
 [0 0 0 0 0 0 0 0]]
Predicted Output Grid:
[[0 0 0 0 0 0 0 0]
 [0 0 0 0 0 0 0 0]
 [0 0 0 0 0 0 0 0]
 [0 0 0 7 7 0 0 0]
 [0 0 0 0 0 0 0 0]
 [0 0 0 0 0 0 0 0]
 [0 0 0 0 0 0 0 0]]
Orange Pixels (Input): [(3, 3), (3, 4)]
Bounding Box (min_row, min_col, max_row, max_col): 3 3 3 4
Correct: False
--------------------
Total Correct: 1 / 3