Example 1:
Input:
0 0 0 0 0 0 0 0 0 0
0 0 0 0 0 0 0 0 0 0
0 0 0 0 0 0 0 0 0 0
0 0 0 0 0 0 0 0 0 0
0 0 0 0 1 0 0 0 0 0
0 0 0 0 0 0 0 0 0 0
0 0 0 0 0 0 0 0 0 0
0 0 0 0 0 0 0 0 0 0
0 0 0 0 0 0 0 0 0 0
0 0 0 0 0 0 0 0 0 0
Expected Output:
0 0 0 0 0 0 0 0 0 0
0 0 0 0 0 0 0 0 0 0
0 0 0 0 8 0 0 0 0 0
0 0 0 0 8 0 0 0 0 0
0 0 0 0 1 0 0 0 0 0
0 0 0 0 8 0 0 0 0 0
0 0 0 0 8 0 0 0 0 0
0 0 0 0 0 0 0 0 0 0
0 0 0 0 0 0 0 0 0 0
0 0 0 0 0 0 0 0 0 0
Actual Output:
0 0 0 0 8 0 0 0 0 0
0 0 0 0 8 0 0 0 0 0
0 0 0 0 8 0 0 0 0 0
0 0 0 0 8 0 0 0 0 0
0 0 0 0 1 0 0 0 0 0
0 0 0 0 8 0 0 0 0 0
0 0 0 0 8 0 0 0 0 0
0 0 0 0 8 0 0 0 0 0
0 0 0 0 8 0 0 0 0 0
0 0 0 0 8 0 0 0 0 0
Match: False
--------------------
Example 2:
Input:
0 0 0 0 0 0 0 0 0 0
0 0 0 0 0 0 0 0 0 0
0 0 0 0 0 0 0 0 0 0
0 0 0 1 0 0 0 0 0 0
0 0 0 0 0 0 0 0 0 0
0 0 0 0 0 1 0 0 0 0
0 0 0 0 0 0 0 0 0 0
0 0 0 0 0 0 0 0 0 0
0 0 0 0 0 0 0 0 0 0
0 0 0 0 0 0 0 0 0 0
Expected Output:
0 0 0 0 0 0 0 0 0 0
0 0 0 8 0 0 0 0 0 0
0 0 0 8 0 0 0 0 0 0
0 0 0 1 0 0 0 0 0 0
0 0 0 8 0 8 0 0 0 0
0 0 0 0 0 1 0 0 0 0
0 0 0 0 0 8 0 0 0 0
0 0 0 0 0 8 0 0 0 0
0 0 0 0 0 0 0 0 0 0
0 0 0 0 0 0 0 0 0 0
Actual Output:
0 0 0 8 0 0 0 0 0 0
0 0 0 8 8 0 0 0 0 0
0 0 0 8 0 8 0 0 0 0
0 0 0 1 0 8 0 0 0 0
0 0 0 8 0 8 0 0 0 0
0 0 0 8 0 1 0 0 0 0
0 0 0 0 8 8 0 0 0 0
0 0 0 0 0 8 0 0 0 0
0 0 0 0 0 8 0 0 0 0
0 0 0 0 0 8 0 0 0 0
Match: False
--------------------
Example 3:
Input:
0 0 0 0 0 0 0 0 0 0
0 0 0 0 0 0 0 0 0 0
0 0 0 0 0 0 0 0 0 0
0 0 0 0 0 0 0 0 0 0
0 0 0 0 1 1 0 0 0 0
0 0 0 0 0 0 0 0 0 0
0 0 0 0 0 0 0 0 0 0
0 0 0 0 0 0 0 0 0 0
0 0 0 0 0 0 0 0 0 0
0 0 0 0 0 0 0 0 0 0
Expected Output:
0 0 0 0 0 0 0 0 0 0
0 0 0 0 8 8 0 0 0 0
0 0 0 0 8 8 0 0 0 0
0 0 0 0 8 8 0 0 0 0
0 0 0 0 1 1 0 0 0 0
0 0 0 0 8 8 0 0 0 0
0 0 0 0 8 8 0 0 0 0
0 0 0 0 8 8 0 0 0 0
0 0 0 0 0 0 0 0 0 0
0 0 0 0 0 0 0 0 0 0
Actual Output:
0 0 0 0 8 8 0 0 0 0
0 0 0 0 8 8 0 0 0 0
0 0 0 0 8 8 0 0 0 0
0 0 0 0 8 8 0 0 0 0
0 0 0 0 1 1 0 0 0 0
0 0 0 0 8 8 0 0 0 0
0 0 0 0 8 8 0 0 0 0
0 0 0 0 8 8 0 0 0 0
0 0 0 0 8 8 0 0 0 0
0 0 0 0 8 8 0 0 0 0
Match: False
--------------------