# Simulated Output
[
    {
        'example_index': 0,
        'input_shape': (13, 28),
        'output_shape': (7, 7),
        'predicted_output_shape': (7, 7),
        'objects': [[(4, 14), (4, 15), (4, 16), (4, 17), (4, 18), (4, 19), (4, 20)], [(5, 14), (5, 15), (5, 16), (5, 17), (5, 18), (5, 19), (5, 20)], [(6, 14), (6, 15), (6, 16), (6, 17), (6, 18), (6, 19), (6, 20)], [(7, 14), (7, 15), (7, 16), (7, 17), (7, 18), (7, 19), (7, 20)], [(8, 14), (8, 15), (8, 16), (8, 17), (8, 18), (8, 19), (8, 20)], [(9, 14), (9, 15), (9, 16), (9, 17), (9, 18), (9, 19), (9, 20)], [(10, 14), (10, 15), (10, 16), (10, 17), (10, 18), (10, 19), (10, 20)]],
        'object_colors': [8, 5, 5, 5, 5, 5, 8],
        'subgrid_shape': (7, 7),
        'predicted_output': [[8, 8, 8, 8, 8, 8, 8], [8, 5, 5, 5, 5, 5, 8], [8, 5, 5, 5, 5, 5, 8], [8, 5, 5, 5, 5, 5, 8], [8, 5, 5, 5, 5, 5, 8], [8, 5, 5, 5, 5, 5, 8], [8, 8, 8, 8, 8, 8, 8]],
        'expected_output': [[8, 8, 8, 8, 8, 8, 8], [8, 5, 5, 5, 5, 5, 8], [8, 5, 5, 5, 5, 5, 8], [8, 5, 5, 5, 5, 5, 8], [8, 5, 5, 5, 5, 5, 8], [8, 5, 5, 5, 5, 5, 8], [8, 8, 8, 8, 8, 8, 8]],
        'correct': True
    },
    {
        'example_index': 1,
        'input_shape': (10, 10),
        'output_shape': (7, 3),
        'predicted_output_shape': (7, 3),
        'objects': [[(1, 8)], [(2, 7), (2, 8)], [(3, 6), (3, 7), (3, 8)], [(4, 5), (4, 6), (4, 7), (4, 8)], [(5, 4), (5, 5), (5, 6), (5, 7), (5, 8)], [(6, 3), (6, 4), (6, 5), (6, 6), (6, 7), (6, 8)], [(7, 2), (7, 3), (7, 4), (7, 5), (7, 6), (7, 7), (7, 8)], [(8, 1), (8, 2), (8, 3), (8, 4), (8, 5), (8, 6), (8, 7), (8, 8)]],
        'object_colors': [8, 8, 8, 8, 8, 8, 8, 8],
        'subgrid_shape': (8, 8),
        'predicted_output': [[0, 0, 0, 0, 8, 0, 0, 0], [0, 0, 0, 8, 8, 0, 0, 0], [0, 0, 8, 5, 8, 0, 0, 0], [0, 8, 5, 5, 8, 0, 0, 0], [8, 5, 5, 5, 8, 0, 0, 0], [5, 5, 5, 5, 5, 8, 0, 0], [5, 5, 5, 5, 5, 8, 0, 0], [8, 8, 8, 8, 8, 8, 8, 0]],
        'expected_output': [[8, 8, 8], [8, 5, 8], [8, 5, 5], [5, 5, 5], [5, 5, 5], [5, 5, 5], [8, 8, 8]],
    'correct': False
    },
    {
        'example_index': 2,
        'input_shape': (9, 16),
        'output_shape': (7, 3),
        'predicted_output_shape': (7, 3),
        'objects': [[(1, 1), (1, 2), (1, 3)], [(2, 1), (2, 2), (2, 3)], [(3, 1), (3, 2), (3, 3)], [(4, 1), (4, 2), (4, 3)], [(5, 1), (5, 2), (5, 3)], [(6, 1), (6, 2), (6, 3)], [(7, 1), (7, 2), (7, 3)]],
        'object_colors': [8, 8, 8, 8, 8, 8, 8],
        'subgrid_shape': (7, 3),
        'predicted_output': [[8, 8, 8], [8, 5, 8], [8, 5, 8], [8, 5, 8], [8, 5, 8], [8, 5, 8], [8, 8, 8]],
    'correct': True
    }

]