Example 1:
Input:
[[8 8 8 8 8 8]
 [8 1 1 1 1 8]
 [8 1 1 1 1 8]
 [8 8 8 8 8 8]]
Expected Output:
[[8 8 8 8 8 8 8 8]
 [8 8 8 8 8 8 8 8]
 [8 8 1 1 1 1 8 8]
 [8 8 1 1 1 1 8 8]
 [8 8 8 8 8 8 8 8]
 [8 8 8 8 8 8 8 8]]
Predicted Output:
[[8 8 8 8 8 8 8 8]
 [8 8 8 8 8 8 8 8]
 [8 8 1 1 1 1 8 8]
 [8 8 1 1 1 1 8 8]
 [8 8 8 8 8 8 8 8]
 [8 8 8 8 8 8 8 8]]
Prediction Correct: True
Border Region: {(0, 3), (0, 4), (0, 5), (3, 0), (0, 0), (0, 1), (0, 2), (3, 4), (3, 3), (3, 5), (3, 2), (1, 5), (3, 1), (2, 5), (1, 0), (2, 0)}
--------------------
Example 2:
Input:
[[8 1 8 8 8 8 8 1 8]
 [8 1 1 1 1 1 1 1 8]
 [8 1 8 8 8 8 8 1 8]]
Expected Output:
[[8 8 8 8 8 8 8 8 8 8 8]
 [8 8 1 8 8 8 8 1 8 8 8]
 [8 8 1 1 1 1 1 1 1 8 8]
 [8 8 1 8 8 8 8 1 8 8 8]
 [8 8 8 8 8 8 8 8 8 8 8]]
Predicted Output:
[[8 1 8 8 8 8 8 1 8 8 8]
 [8 8 1 1 1 1 1 1 1 8 8]
 [8 1 8 8 8 8 8 1 8 8 8]
 [8 1 8 8 8 8 8 1 8 8 8]]
Prediction Correct: False
Border Region: {(0, 8), (0, 2), (0, 3), (0, 4), (0, 5), (0, 6), (0, 7), (1, 0), (0, 0), (2, 0), (1, 8), (0, 1), (2, 8)}
--------------------
Example 3:
Input:
[[5 5 5 5 5]
 [5 5 5 5 5]
 [5 5 0 5 5]
 [5 5 5 5 5]
 [5 5 5 5 5]]
Expected Output:
[[5 5 5 5 5 5 5]
 [5 5 5 5 5 5 5]
 [5 5 5 5 5 5 5]
 [5 5 5 0 5 5 5]
 [5 5 5 5 5 5 5]
 [5 5 5 5 5 5 5]
 [5 5 5 5 5 5 5]]
Predicted Output:
[[5 5 5 5 5 5 5]
 [5 5 5 5 5 5 5]
 [5 5 5 5 5 5 5]
 [5 5 5 0 5 5 5]
 [5 5 5 5 5 5 5]
 [5 5 5 5 5 5 5]]
Prediction Correct: False
Border Region: {(0, 0), (0, 1), (0, 2), (0, 3), (0, 4), (1, 0), (1, 1), (2, 0), (3, 1), (1, 2), (2, 1), (3, 0), (1, 3), (1, 4), (4, 0), (2, 3), (2, 4), (3, 4), (3, 3), (3, 2), (4, 3), (4, 4), (4, 1), (4, 2)}
--------------------
Example 4:
Input:
[[5 5 5 5 5 5 5 5]
 [5 5 5 5 5 5 5 5]
 [5 5 5 5 5 5 5 5]
 [5 5 5 5 5 5 5 5]
 [5 5 5 5 0 0 5 5]
 [5 5 5 5 0 0 5 5]
 [5 5 5 5 5 5 5 5]]
Expected Output:
[[5 5 5 5 5 5 5 5 5 5]
 [5 5 5 5 5 5 5 5 5 5]
 [5 5 5 5 5 5 5 5 5 5]
 [5 5 5 5 5 5 5 5 5 5]
 [5 5 5 5 5 5 5 5 5 5]
 [5 5 5 5 0 0 5 5 5 5]
 [5 5 5 5 0 0 5 5 5 5]
 [5 5 5 5 5 5 5 5 5 5]
 [5 5 5 5 5 5 5 5 5 5]]
Predicted Output:
[[5 5 5 5 5 5 5 5 5 5]
 [5 5 5 5 5 5 5 5 5 5]
 [5 5 5 5 5 5 5 5 5 5]
 [5 5 5 5 5 5 5 5 5 5]
 [5 5 5 5 5 5 5 5 5 5]
 [5 5 5 5 0 0 5 5 5 5]
 [5 5 5 5 0 0 5 5 5 5]
 [5 5 5 5 5 5 5 5 5 5]]
Prediction Correct: True
Border Region: {(0, 0), (0, 1), (0, 2), (0, 3), (0, 4), (0, 5), (0, 6), (0, 7), (1, 0), (1, 1), (1, 2), (1, 3), (1, 4), (1, 5), (1, 6), (1, 7), (2, 0), (2, 1), (2, 2), (2, 3), (2, 4), (2, 5), (2, 6), (2, 7), (3, 0), (3, 1), (3, 2), (3, 3), (3, 4), (3, 5), (3, 6), (3, 7), (4, 0), (4, 1), (4, 2), (4, 3), (5, 0), (5, 1), (6, 1), (5, 2), (5, 3), (6, 0), (6, 2), (6, 3), (6, 4), (4, 7), (4, 6), (6, 6), (6, 5), (5, 4), (4, 4), (6, 7), (5, 5), (4, 5), (5, 7), (5, 6)}
--------------------
[True, False, False, True]