Example 1:
  Input:
[[5 5 5 5 5 5 5 5 5]
 [5 5 5 5 5 5 5 5 5]
 [5 5 5 2 2 2 5 5 5]
 [5 5 5 2 2 2 5 5 5]
 [5 5 5 2 2 2 5 5 5]
 [5 5 5 5 5 5 5 5 5]
 [5 5 5 7 7 7 7 7 5]
 [5 5 5 7 7 7 7 7 5]
 [5 5 5 5 5 5 5 5 5]]
  Expected Output:
[[2 2 2]
 [2 2 2]
 [7 7 7]]
  Predicted Output:
[[0 2 0]
 [0 0 0]
 [0 7 0]]
  Matches Expected: False
--------------------
Example 2:
  Input:
[[0 0 0 0 0 0 0 0 0]
 [0 0 0 0 0 0 0 0 0]
 [0 0 0 0 0 0 0 0 0]
 [0 0 0 2 2 2 0 0 0]
 [0 0 0 2 2 2 0 0 0]
 [0 0 0 2 2 2 0 0 0]
 [0 0 0 0 0 0 0 0 0]
 [0 0 0 7 7 7 7 7 0]
 [0 0 0 7 7 7 7 7 0]]
  Expected Output:
[[2 2 2]
 [2 2 2]
 [7 7 7]]
  Predicted Output:
[[0 2 0]
 [0 0 0]
 [0 7 0]]
  Matches Expected: False
--------------------
Example 3:
  Input:
[[0 0 0 0 0 0 0 0 0]
 [0 0 0 0 0 0 0 0 0]
 [0 0 0 0 0 0 0 0 0]
 [0 0 0 2 2 2 0 0 0]
 [0 0 0 2 2 2 0 0 0]
 [0 0 0 2 2 2 0 0 0]
 [0 0 0 0 0 0 0 0 0]
 [0 0 0 7 7 7 7 7 0]
 [0 0 0 7 7 7 7 7 0]
 [0 0 0 7 7 7 7 7 0]]
  Expected Output:
[[2 2 2]
 [2 2 2]
 [7 7 7]]
  Predicted Output:
[[0 2 0]
 [0 0 0]
 [0 7 0]]
  Matches Expected: False
--------------------