Example 1:
Input Grid:
[[0 0 0 0 0 0 0 0 0 0]
 [0 0 0 0 0 0 0 0 0 0]
 [0 0 0 0 0 0 0 0 0 0]
 [0 0 0 1 0 0 0 0 0 0]
 [0 0 0 0 0 0 4 0 0 0]
 [0 0 0 0 0 0 0 0 0 0]
 [0 0 0 0 0 0 0 0 0 0]
 [0 0 0 0 0 0 0 0 0 0]]

Expected Output Grid:
[[0 0 0 0 0 0 0 0 0 0]
 [0 0 0 0 0 0 0 0 0 0]
 [0 0 0 0 0 0 0 0 0 0]
 [1 1 1 1 1 1 1 1 1 1]
 [4 4 4 4 4 4 4 4 4 4]
 [0 0 0 0 0 0 0 0 0 0]
 [0 0 0 0 0 0 0 0 0 0]
 [0 0 0 0 0 0 0 0 0 0]]

Transformed Grid:
[[0 0 0 0 0 0 0 0 0 0]
 [0 0 0 0 0 0 0 0 0 0]
 [0 0 0 0 0 0 0 0 0 0]
 [1 1 1 1 1 1 1 1 1 1]
 [4 4 4 4 4 4 4 4 4 4]
 [0 0 0 0 0 0 0 0 0 0]
 [0 0 0 0 0 0 0 0 0 0]
 [0 0 0 0 0 0 0 0 0 0]]

Shapes - Input: (8, 10), Expected: (8, 10), Transformed: (8, 10)
Correct Transformation: True
----------------------------------------
Example 2:
Input Grid:
[[0 0 0 0 0 0 0 0 0 0]
 [0 0 0 0 0 0 0 0 0 0]
 [0 0 0 0 0 0 0 0 0 0]
 [0 0 0 1 0 0 0 0 0 0]
 [0 0 0 0 0 0 4 0 0 0]
 [0 0 0 0 0 0 0 0 0 0]
 [0 0 0 0 0 0 0 0 0 0]
 [0 0 0 0 0 0 0 0 0 0]]

Expected Output Grid:
[[0 0 0 0 0 0 0 0 0 0]
 [0 0 0 0 0 0 0 0 0 0]
 [0 0 0 0 0 0 0 0 0 0]
 [1 1 1 1 1 1 1 1 1 1]
 [4 4 4 4 4 4 4 4 4 4]
 [0 0 0 0 0 0 0 0 0 0]
 [0 0 0 0 0 0 0 0 0 0]
 [0 0 0 0 0 0 0 0 0 0]]

Transformed Grid:
[[0 0 0 0 0 0 0 0 0 0]
 [0 0 0 0 0 0 0 0 0 0]
 [0 0 0 0 0 0 0 0 0 0]
 [1 1 1 1 1 1 1 1 1 1]
 [4 4 4 4 4 4 4 4 4 4]
 [0 0 0 0 0 0 0 0 0 0]
 [0 0 0 0 0 0 0 0 0 0]
 [0 0 0 0 0 0 0 0 0 0]]

Shapes - Input: (8, 10), Expected: (8, 10), Transformed: (8, 10)
Correct Transformation: True
----------------------------------------
Example 3:
Input Grid:
[[0 0 0 0 0 0 0 0]
 [0 4 0 0 0 0 0 0]
 [0 0 0 0 0 0 1 0]
 [0 0 0 0 0 0 0 0]]

Expected Output Grid:
[[4 4 4 4 4 4 4 4]
 [4 4 4 4 4 4 4 4]
 [1 1 1 1 1 1 1 1]
 [1 1 1 1 1 1 1 1]]

Transformed Grid:
[[4 4 4 4 4 4 4 4]
 [4 4 4 4 4 4 4 4]
 [1 1 1 1 1 1 1 1]
 [0 0 0 0 0 0 0 0]]

Shapes - Input: (4, 8), Expected: (4, 8), Transformed: (4, 8)
Correct Transformation: False
Number of incorrect pixels: 8
Locations of incorrect pixels: [[3 0]
 [3 1]
 [3 2]
 [3 3]
 [3 4]
 [3 5]
 [3 6]
 [3 7]]
----------------------------------------
Example 4:
Input Grid:
[[0 0 0 0 0 0 0 0 0 0 0 0 0 0 0 0]
 [0 0 0 0 0 0 0 4 0 0 0 0 0 0 0 0]
 [0 0 0 0 0 0 0 0 0 0 0 0 0 0 0 0]
 [0 0 0 1 0 0 0 0 0 0 0 0 0 0 0 0]
 [0 0 0 0 0 0 0 0 0 0 0 0 0 0 0 0]]

Expected Output Grid:
[[0 0 0 0 0 0 0 4 4 4 4 4 4 4 4 4]
 [0 0 0 0 0 0 0 4 4 4 4 4 4 4 4 4]
 [0 0 0 0 0 0 0 4 4 4 4 4 4 4 4 4]
 [1 1 1 1 1 1 1 1 1 1 1 1 1 1 1 1]
 [1 1 1 1 1 1 1 1 1 1 1 1 1 1 1 1]]

Transformed Grid:
[[0 0 0 0 0 0 0 4 0 0 0 0 0 0 0 0]
 [0 0 0 0 0 0 0 4 0 0 0 0 0 0 0 0]
 [0 0 0 0 0 0 0 0 0 0 0 0 0 0 0 0]
 [1 1 1 1 1 1 1 1 1 1 1 1 1 1 1 1]
 [0 0 0 0 0 0 0 0 0 0 0 0 0 0 0 0]]

Shapes - Input: (5, 16), Expected: (5, 16), Transformed: (5, 16)
Correct Transformation: False
Number of incorrect pixels: 27
Locations of incorrect pixels: [[0  7]
 [0  8]
 [0  9]
 [0 10]
 [0 11]
 [0 12]
 [0 13]
 [0 14]
 [0 15]
 [1  7]
 [1  8]
 [1  9]
 [1 10]
 [1 11]
 [1 12]
 [1 13]
 [1 14]
 [1 15]
 [2  7]
 [2  8]
 [2  9]
 [2 10]
 [2 11]
 [2 12]
 [2 13]
 [2 14]
 [2 15]]
----------------------------------------
Example 5:
Input Grid:
[[0 0 0 0 0 0 0 0 0 0]
 [0 0 4 0 0 0 0 1 0 0]
 [0 0 0 0 0 0 0 0 0 0]]

Expected Output Grid:
[[4 4 4 4 4 4 4 1 1 1]
 [4 4 4 4 4 4 4 1 1 1]
 [4 4 4 4 4 4 4 1 1 1]]

Transformed Grid:
[[0 0 4 4 4 4 4 1 0 0]
 [0 0 4 4 4 4 4 1 0 0]
 [0 0 0 0 0 0 0 0 0 0]]

Shapes - Input: (3, 10), Expected: (3, 10), Transformed: (3, 10)
Correct Transformation: False
Number of incorrect pixels: 16
Locations of incorrect pixels: [[0 0]
 [0 1]
 [0 8]
 [0 9]
 [1 0]
 [1 1]
 [1 8]
 [1 9]
 [2 0]
 [2 1]
 [2 2]
 [2 3]
 [2 4]
 [2 5]
 [2 6]
 [2 7]]
----------------------------------------