Objects in Input Grid 1:
[[(1, 1), (1, 2), (1, 3)], [(3, 8), (4, 8), (5, 8)]]
Objects in Input Grid 2:
[[(1, 1), (1, 2), (1, 3)], [(1, 7), (1, 8), (2, 7), (2, 8)], [(4, 1), (4, 2), (4, 3)]]
Predicted output 1
[[0 0 0 0 0 0 0 0 0 0]
 [0 8 8 8 0 0 0 0 0 0]
 [0 0 0 0 0 0 0 0 0 0]
 [0 0 0 0 0 0 0 0 8 0]
 [0 0 0 0 0 0 0 0 8 0]
 [0 0 0 0 0 0 0 0 8 0]
 [0 0 0 0 0 0 0 0 0 0]]
Predicted output 2
[[0 0 0 0 0 0 0 6 6 0]
 [0 8 8 8 0 0 0 6 6 0]
 [0 0 0 0 0 0 0 0 0 0]
 [0 0 0 0 0 0 0 0 0 0]
 [0 8 8 8 0 0 0 0 0 0]
 [0 0 0 0 0 0 0 0 0 0]]