Example 1:
Input:      Expected Output:
2 2 1       1 8 2
2 1 2       2 1 2
2 8 1       1 2 2

Mappings:
(0,0)->(0,2)  (0,1)->(1,2)  (0,2)->(2,2)
(1,0)->(0,1)  (1,1)->(1,1)  (1,2)->(2,1)
(2,0)->(0,0)  (2,1)->(1,0)  (2,2)->(2,0)

Example 2:
Input:      Expected Output:
9 2 4       2 9 2
2 4 4       4 4 2
2 9 2       4 2 9

Mappings:
(0,0)->(1,0) (0,1)->(2,0) (0,2)->(3,0)
(1,0)->(1,1) (1,1)->(2,1) (1,2)->(3,1)
(2,0)->(1,2) (2,1)->(2,2) (2,2)->(3,2)

Example 3:
Input:          Expected Output:
8 8 8           5 5 8
5 5 8           8 5 5
8 5 5           8 8 8

Mappings:
(0,0)->(0,2) (0,1)->(1,2) (0,2)->(2,2)
(1,0)->(0,1) (1,1)->(1,1) (1,2)->(2,1)
(2,0)->(0,0) (2,1)->(1,0) (2,2)->(2,0)

Example 4:
Input:        Expected Output:
3 2 9         3 3 2
9 9 9         9 9 9
2 3 3         9 2 3

Mappings:
(0,0)->(2,0) (0,1)->(1,0) (0,2)->(0,0)
(1,0)->(2,1) (1,1)->(1,1) (1,2)->(0,1)
(2,0)->(2,2) (2,1)->(1,2) (2,2)->(0,2)
