Example 1:
Input:
0 0 0 0 0 0 0 0 0 0
0 8 8 8 0 0 0 0 0 0
0 8 8 8 0 0 0 0 0 0
0 8 8 8 0 0 0 0 0 0
0 0 0 0 0 0 0 0 2 2
0 0 0 0 0 0 0 0 2 2
0 0 0 0 0 0 0 0 0 0
0 0 0 0 0 1 0 0 0 0
0 0 0 0 0 0 0 0 0 0
Expected Output:
8 8 8 8
8 8 8 8
2 2 2 2
1 0 0 0
Actual Output:
8 8 8 8
8 8 8 2
2 2 1 0
0 0 0 0
Match: False
--------------------
Example 2:
Input:
0 0 0 0 0 0 0 0 0 0
0 0 0 0 0 0 0 0 0 0
0 0 0 0 0 0 0 0 0 0
0 0 0 0 0 0 0 0 0 0
0 0 0 0 0 3 0 0 0 0
0 0 0 0 3 3 3 0 0 0
0 0 0 0 0 3 0 0 0 0
0 0 0 0 0 0 0 0 0 0
0 7 7 7 7 0 0 0 0 0
0 7 7 7 7 0 0 0 0 0
Expected Output:
3 3 3 3
3 7 7 7
7 7 7 7
0 0 0 0
Actual Output:
3 3 3 3
3 7 7 7
7 7 7 7
0 0 0 0
Match: True
--------------------
Example 3:
Input:
0 0 0 0 0 0 0 0 0 0
0 0 0 0 0 0 0 0 0 0
0 0 0 0 4 0 0 0 0 0
0 0 0 0 0 0 0 0 0 0
0 0 0 0 0 0 0 0 0 0
0 0 0 0 0 6 6 0 0 0
0 0 0 0 0 6 6 0 0 0
0 0 0 0 0 0 0 0 0 0
Expected Output:
4 6 6 6
6 0 0 0
0 0 0 0
0 0 0 0
Actual Output:
4 6 6 0
0 0 0 0
0 0 0 0
0 0 0 0
Match: False
--------------------