Example 1:
Input:
 [[0 0 0 0 0 0 0 0 0 0]
 [0 0 0 0 0 0 0 0 0 0]
 [0 0 0 0 8 0 0 0 0 0]
 [0 0 0 0 8 0 0 0 0 0]
 [0 0 0 0 0 0 0 0 0 0]]
Predicted Output:
 [[0 0 8 0 0 0]
 [0 0 8 0 0 0]
 [0 0 0 0 0 0]]
Expected Output:
 [[0 0 8 0 0 0]
 [0 0 8 0 0 0]
 [0 0 0 0 0 0]]
Match: True
--------------------
Example 2:
Input:
 [[0 0 0 0 0 0 0 0]
 [0 0 0 8 8 0 0 0]
 [0 0 0 0 0 0 0 0]
 [0 0 0 8 8 0 0 0]
 [0 0 0 0 0 0 0 0]]
Predicted Output:
 [[8 8 0 0 0 0]
 [8 8 0 0 0 0]
 [0 0 0 0 0 0]]
Expected Output:
 [[8 8 0 8 8 0]
 [0 0 0 0 0 0]
 [0 0 0 0 0 0]]
Match: False
--------------------
Example 3:
Input:
 [[0 0 0 0 0 0 0 0 0]
 [0 8 8 8 8 0 0 0 0]
 [0 8 8 8 8 0 0 0 0]
 [0 0 0 0 0 0 0 0 0]
 [0 0 0 0 0 0 0 0 0]]
Predicted Output:
 [[8 8 8 8 0 0]
 [0 0 0 0 0 0]
 [0 0 0 0 0 0]]
Expected Output:
 [[8 8 8 8 0 0]
 [8 8 8 8 0 0]
 [0 0 0 0 0 0]]
Match: False
--------------------