Example 0:
Input:
[[1 1 1 1 1]
 [1 1 1 1 1]
 [1 1 4 4 1]
 [1 1 4 4 2]
 [2 1 1 1 1]]
Output:
[[1 1 1 1 1]
 [1 1 1 1 1]
 [1 1 4 4 2]
 [1 1 4 4 2]
 [1 1 1 1 1]]
Result:
[[1 1 1 1 1]
 [1 1 1 1 1]
 [1 1 4 4 2]
 [1 1 4 4 2]
 [1 1 1 1 2]]

Example 1:
Input:
[[1 1 1 1 1 1]
 [1 1 2 1 1 1]
 [1 4 4 4 4 1]
 [1 4 4 4 4 1]
 [1 1 1 1 1 2]]
Output:
[[1 1 1 1 1 1]
 [1 1 1 1 1 1]
 [2 4 4 4 4 2]
 [1 4 4 4 4 2]
 [1 1 1 1 1 1]]
Result:
[[1 1 1 1 1 1]
 [1 1 1 1 1 1]
 [2 4 4 4 4 2]
 [1 4 4 4 4 2]
 [1 1 1 1 1 1]]

Example 2:
Input:
[[1 1 1 1 1 1]
 [1 2 1 1 1 1]
 [4 4 1 1 1 1]
 [4 4 1 2 1 1]
 [1 1 1 1 1 1]]
Output:
[[1 1 1 1 1 1]
 [1 1 1 1 1 1]
 [4 4 2 1 1 1]
 [4 4 1 2 1 1]
 [1 1 1 1 1 1]]
Result:
[[1 1 1 1 1 1]
 [1 1 1 1 1 1]
 [4 4 2 2 1 1]
 [4 4 1 2 1 1]
 [1 1 1 1 1 1]]