import numpy as np

def report(grid):
    shape = grid.shape
    colors = np.unique(grid)
    return {
        'shape': shape,
        'colors': colors.tolist()
  }

examples = [
    {
      "input": [
        [8, 8, 8, 8, 8, 8, 8, 8, 8],
        [8, 0, 0, 0, 0, 0, 0, 0, 8],
        [8, 0, 6, 6, 6, 6, 6, 0, 8],
        [8, 0, 6, 6, 6, 6, 6, 0, 8],
        [8, 0, 6, 6, 6, 6, 6, 0, 8],
        [8, 0, 6, 6, 6, 6, 6, 0, 8],
        [8, 0, 6, 6, 6, 6, 6, 0, 8],
        [8, 0, 0, 0, 0, 0, 0, 0, 8],
        [8, 8, 8, 8, 8, 8, 8, 8, 8]
      ],
      "output": [
        [0, 0, 0, 0, 0, 0, 0, 0, 0],
        [0, 0, 0, 0, 0, 0, 0, 0, 0],
        [0, 0, 6, 6, 6, 6, 6, 0, 0],
        [0, 0, 6, 6, 6, 6, 6, 0, 0],
        [0, 0, 6, 6, 6, 6, 6, 0, 0],
        [0, 0, 6, 6, 6, 6, 6, 0, 0],
        [0, 0, 6, 6, 6, 6, 6, 0, 0],
        [0, 0, 0, 0, 0, 0, 0, 0, 0],
        [0, 0, 0, 0, 0, 0, 0, 0, 0]
      ]
    },
    {
      "input": [
        [8, 8, 8, 8, 8, 8, 8, 8],
        [8, 0, 0, 0, 0, 0, 0, 8],
        [8, 0, 1, 1, 1, 1, 0, 8],
        [8, 0, 1, 1, 1, 1, 0, 8],
        [8, 0, 0, 0, 0, 0, 0, 8],
        [8, 8, 8, 8, 8, 8, 8, 8]
      ],
      "output": [
        [0, 0, 0, 0, 0, 0, 0, 0],
        [0, 0, 0, 0, 0, 0, 0, 0],
        [0, 0, 1, 1, 1, 1, 0, 0],
        [0, 0, 1, 1, 1, 1, 0, 0],
        [0, 0, 0, 0, 0, 0, 0, 0],
        [0, 0, 0, 0, 0, 0, 0, 0]
      ]
    },
    {
      "input": [
        [8, 8, 8, 8, 8, 8, 8, 8, 8],
        [8, 0, 0, 0, 0, 0, 0, 0, 8],
        [8, 0, 6, 6, 6, 6, 6, 0, 8],
        [8, 0, 6, 6, 6, 6, 6, 0, 8],
        [8, 0, 6, 6, 6, 6, 6, 0, 8],
        [8, 0, 0, 0, 0, 0, 0, 0, 8],
        [8, 8, 8, 8, 8, 8, 8, 8, 8]
      ],
      "output": [
        [0, 0, 0, 0, 0, 0, 0, 0, 0],
        [0, 0, 0, 0, 0, 0, 0, 0, 0],
        [0, 0, 6, 6, 6, 6, 6, 0, 0],
        [0, 0, 6, 6, 6, 6, 6, 0, 0],
        [0, 0, 6, 6, 6, 6, 6, 0, 0],
        [0, 0, 0, 0, 0, 0, 0, 0, 0],
        [0, 0, 0, 0, 0, 0, 0, 0, 0]
      ]
    },
    {
      "input": [
        [8, 8, 8, 8, 8, 8, 8],
        [8, 0, 0, 0, 0, 0, 8],
        [8, 0, 1, 1, 1, 0, 8],
        [8, 0, 1, 1, 1, 0, 8],
        [8, 0, 0, 0, 0, 0, 8],
        [8, 8, 8, 8, 8, 8, 8]
      ],
      "output": [
        [0, 0, 0, 0, 0, 0, 0],
        [0, 0, 0, 0, 0, 0, 0],
        [0, 0, 1, 1, 1, 0, 0],
        [0, 0, 1, 1, 1, 0, 0],
        [0, 0, 0, 0, 0, 0, 0],
        [0, 0, 0, 0, 0, 0, 0]
      ]
    },
]

reports = []
for example in examples:
    input_report = report(np.array(example['input']))
    output_report = report(np.array(example['output']))
    reports.append({'input': input_report, 'output': output_report})

for i, rep in enumerate(reports):
    print(f"Example {i+1}:")
    print(f"  Input: {rep['input']}")
    print(f"  Output: {rep['output']}")