Example 1:
  Accuracy: 1.0000
  Differences: []
Input:
0 0 0 0 0 0 0 0 0
0 0 0 0 0 0 0 0 0
0 0 0 0 0 0 0 0 0
0 0 0 0 0 0 0 0 0
0 0 0 0 0 0 0 0 0
0 0 0 0 0 0 0 0 0
0 0 0 0 0 0 0 0 0
0 0 0 0 0 0 0 0 0
0 0 0 0 0 0 0 1 0
Predicted:
0 0 0 0 0 0 0 1 0
0 0 0 0 0 0 0 1 0
0 0 0 0 0 0 0 1 0
0 0 0 0 0 0 0 1 0
0 0 0 0 0 0 0 1 0
0 0 0 0 0 0 0 1 0
0 0 0 0 0 0 0 1 0
0 0 0 0 0 0 0 1 0
0 0 0 0 0 0 0 1 0
Target:
0 0 0 0 0 0 0 1 0
0 0 0 0 0 0 0 1 0
0 0 0 0 0 0 0 1 0
0 0 0 0 0 0 0 1 0
0 0 0 0 0 0 0 1 0
0 0 0 0 0 0 0 1 0
0 0 0 0 0 0 0 1 0
0 0 0 0 0 0 0 1 0
0 0 0 0 0 0 0 1 0
--------------------
Example 2:
  Accuracy: 1.0000
  Differences: []
Input:
0 0 0 0 0 0 0 0 0
0 0 0 0 0 0 0 0 0
0 0 0 0 0 0 0 0 0
0 0 0 0 0 0 0 0 0
0 0 0 0 0 0 0 0 0
0 0 0 0 0 0 0 0 0
0 0 0 0 0 0 0 0 0
0 0 0 0 0 0 0 2 0
0 0 0 0 0 0 0 0 0
Predicted:
0 0 0 0 0 0 0 2 0
0 0 0 0 0 0 0 2 0
0 0 0 0 0 0 0 2 0
0 0 0 0 0 0 0 2 0
0 0 0 0 0 0 0 2 0
0 0 0 0 0 0 0 2 0
0 0 0 0 0 0 0 2 0
0 0 0 0 0 0 0 2 0
0 0 0 0 0 0 0 2 0
Target:
0 0 0 0 0 0 0 2 0
0 0 0 0 0 0 0 2 0
0 0 0 0 0 0 0 2 0
0 0 0 0 0 0 0 2 0
0 0 0 0 0 0 0 2 0
0 0 0 0 0 0 0 2 0
0 0 0 0 0 0 0 2 0
0 0 0 0 0 0 0 2 0
0 0 0 0 0 0 0 2 0
--------------------
Example 3:
  Accuracy: 1.0000
  Differences: []
Input:
0 0 0 0 0 0 0 0 0
0 0 0 0 0 0 0 0 0
0 0 0 0 0 0 0 3 0
0 0 0 0 0 0 0 0 0
0 0 0 0 0 0 0 0 0
0 0 0 0 0 0 0 0 0
0 0 0 0 0 0 0 0 0
0 0 0 0 0 0 0 0 0
0 0 0 0 0 0 0 0 0
Predicted:
0 0 0 0 0 0 0 3 0
0 0 0 0 0 0 0 3 0
0 0 0 0 0 0 0 3 0
0 0 0 0 0 0 0 3 0
0 0 0 0 0 0 0 3 0
0 0 0 0 0 0 0 3 0
0 0 0 0 0 0 0 3 0
0 0 0 0 0 0 0 3 0
0 0 0 0 0 0 0 3 0
Target:
0 0 0 0 0 0 0 3 0
0 0 0 0 0 0 0 3 0
0 0 0 0 0 0 0 3 0
0 0 0 0 0 0 0 3 0
0 0 0 0 0 0 0 3 0
0 0 0 0 0 0 0 3 0
0 0 0 0 0 0 0 3 0
0 0 0 0 0 0 0 3 0
0 0 0 0 0 0 0 3 0
--------------------