--- train_0 ---
Input:
 [[0 0 0 0 0 0 0 0 0 0]
 [0 0 0 0 0 0 0 0 0 0]
 [0 0 0 0 0 0 0 0 0 0]
 [0 0 0 0 0 0 0 0 0 0]
 [0 0 0 0 0 0 0 0 0 4]
 [0 0 0 0 0 0 0 0 4 4]
 [0 0 0 0 0 0 0 4 4 4]
 [0 0 0 0 0 0 4 4 4 4]
 [0 0 0 0 0 4 4 4 4 4]
 [0 0 0 0 4 4 4 4 4 4]]
Expected Output:
 [[0 0 0 0 0 0 0 0 0 0]
 [0 0 0 0 0 0 0 0 0 0]
 [0 0 0 0 0 0 0 0 0 0]
 [0 0 0 0 0 0 0 0 0 0]
 [0 0 0 0 0 0 0 0 0 4]
 [0 0 0 0 0 0 0 0 4 4]
 [0 0 0 0 0 0 0 4 4 4]
 [0 0 0 0 0 0 4 4 4 4]
 [0 0 0 0 0 4 4 4 4 4]
 [0 0 0 0 4 4 4 4 4 4]]
Actual Output:
 [[0 0 0 0 0 0 0 0 0 4]
 [0 0 0 0 0 0 0 0 4 4]
 [0 0 0 0 0 0 0 4 4 4]
 [0 0 0 0 0 0 4 4 4 4]
 [0 0 0 0 0 4 4 4 4 4]
 [0 0 0 0 4 4 4 4 4 4]
 [0 0 0 4 4 4 4 4 4 4]
 [0 0 4 4 4 4 4 4 4 4]
 [0 4 4 4 4 4 4 4 4 4]
 [4 4 4 4 4 4 4 4 4 4]]
Differences (1 indicates a difference):
 [[0 0 0 0 0 0 0 0 0 1]
 [0 0 0 0 0 0 0 0 1 1]
 [0 0 0 0 0 0 0 1 1 1]
 [0 0 0 0 0 0 1 1 1 1]
 [0 0 0 0 0 1 1 1 1 1]
 [0 0 0 0 1 1 1 1 1 1]
 [0 0 0 1 1 1 1 1 1 1]
 [0 0 1 1 1 1 1 1 1 1]
 [0 1 1 1 1 1 1 1 1 1]
 [1 1 1 1 1 1 1 1 1 1]]



--- train_1 ---
Input:
 [[0 0 0 0 0 0 0 0]
 [0 0 0 0 0 0 0 0]
 [0 0 0 0 0 0 2 0]
 [0 0 0 0 0 0 2 0]
 [0 0 0 0 0 0 2 0]
 [0 0 0 0 0 1 2 0]
 [0 0 0 0 1 1 2 0]
 [0 0 0 0 1 1 0 0]
 [0 0 0 0 0 0 0 0]
 [0 0 0 0 0 0 0 0]]
Expected Output:
 [[0 0 0 0 0 0 0 0]
 [0 0 0 0 0 0 0 0]
 [0 0 0 0 0 0 2 0]
 [0 0 0 0 0 0 2 0]
 [0 0 0 0 0 0 2 0]
 [0 0 0 0 0 1 2 0]
 [0 0 0 0 1 1 2 0]
 [0 0 0 0 1 1 0 0]
 [0 0 0 0 0 0 0 0]
 [0 0 0 0 0 0 0 0]]
Actual Output:
 [[0 0 0 0 0 0 2 0]
 [0 0 0 0 0 0 2 0]
 [0 0 0 0 0 0 2 0]
 [0 0 0 0 0 0 2 0]
 [0 0 0 0 0 0 2 0]
 [0 0 0 0 0 1 2 0]
 [0 0 0 0 1 1 2 0]
 [0 0 0 0 1 1 0 0]
 [0 0 0 0 0 0 0 0]
 [0 0 0 0 0 0 0 0]]
Differences (1 indicates a difference):
 [[0 0 0 0 0 0 1 0]
 [0 0 0 0 0 0 1 0]
 [0 0 0 0 0 0 0 0]
 [0 0 0 0 0 0 0 0]
 [0 0 0 0 0 0 0 0]
 [0 0 0 0 0 0 0 0]
 [0 0 0 0 0 0 0 0]
 [0 0 0 0 0 0 0 0]
 [0 0 0 0 0 0 0 0]
 [0 0 0 0 0 0 0 0]]



--- train_2 ---
Input:
 [[0 0 0 0 0 0 0 0 0 0]
 [0 0 0 0 0 0 0 0 0 0]
 [0 0 0 0 0 0 0 0 0 0]
 [0 0 0 0 0 0 0 0 0 0]
 [0 0 0 0 0 0 0 0 0 0]
 [0 0 0 0 0 0 0 0 0 0]
 [0 0 0 0 0 0 0 0 0 2]
 [0 0 0 0 0 0 0 0 2 2]
 [0 0 0 0 0 0 0 2 2 2]
 [0 0 0 0 0 0 2 2 2 2]]
Expected Output:
 [[0 0 0 0 0 0 0 0 0 0]
 [0 0 0 0 0 0 0 0 0 0]
 [0 0 0 0 0 0 0 0 0 0]
 [0 0 0 0 0 0 0 0 0 0]
 [0 0 0 0 0 0 0 0 0 0]
 [0 0 0 0 0 0 0 0 0 0]
 [0 0 0 0 0 0 0 0 0 2]
 [0 0 0 0 0 0 0 0 2 2]
 [0 0 0 0 0 0 0 2 2 2]
 [0 0 0 0 0 0 2 2 2 2]]
Actual Output:
 [[0 0 0 0 0 0 0 0 0 2]
 [0 0 0 0 0 0 0 0 2 2]
 [0 0 0 0 0 0 0 2 2 2]
 [0 0 0 0 0 0 2 2 2 2]
 [0 0 0 0 0 2 2 2 2 2]
 [0 0 0 0 0 2 2 2 2 2]
 [0 0 0 0 0 2 2 2 2 2]
 [0 0 0 0 0 2 2 2 2 2]
 [0 0 0 0 0 2 2 2 2 2]
 [0 0 0 0 0 2 2 2 2 2]]
Differences (1 indicates a difference):
 [[0 0 0 0 0 0 0 0 0 1]
 [0 0 0 0 0 0 0 0 1 1]
 [0 0 0 0 0 0 0 1 1 1]
 [0 0 0 0 0 0 1 1 1 1]
 [0 0 0 0 0 1 1 1 1 1]
 [0 0 0 0 0 1 1 1 1 1]
 [0 0 0 0 0 1 1 1 1 1]
 [0 0 0 0 0 1 1 1 1 1]
 [0 0 0 0 0 1 1 1 1 1]
 [0 0 0 0 0 1 1 1 1 1]]



--- train_3 ---
Input:
 [[0 0 0 0 0 0 0 0]
 [0 0 0 0 0 0 4 0]
 [0 0 0 0 0 4 4 0]
 [0 0 0 0 4 4 4 0]
 [0 0 0 4 4 4 4 0]
 [0 0 0 4 4 4 4 1]
 [0 0 0 0 4 4 4 1]
 [0 0 0 0 0 0 0 0]
 [0 0 0 0 0 0 0 0]
 [0 0 0 0 0 0 0 0]]
Expected Output:
 [[0 0 0 0 0 0 0 0]
 [0 0 0 0 0 0 4 0]
 [0 0 0 0 0 4 4 0]
 [0 0 0 0 4 4 4 0]
 [0 0 0 4 4 4 4 0]
 [0 0 0 4 4 4 4 1]
 [0 0 0 0 4 4 4 1]
 [0 0 0 0 0 0 0 0]
 [0 0 0 0 0 0 0 0]
 [0 0 0 0 0 0 0 0]]
Actual Output:
 [[0 0 0 0 0 0 4 0]
 [0 0 0 0 0 4 4 0]
 [0 0 0 0 4 4 4 0]
 [0 0 0 4 4 4 4 0]
 [0 0 4 4 4 4 4 1]
 [0 0 4 4 4 4 4 1]
 [0 0 0 4 4 4 1 1]
 [0 0 0 0 0 0 0 0]
 [0 0 0 0 0 0 0 0]
 [0 0 0 0 0 0 0 0]]
Differences (1 indicates a difference):
 [[0 0 0 0 0 0 1 0]
 [0 0 0 0 0 0 0 0]
 [0 0 0 0 1 0 0 0]
 [0 0 0 1 0 0 0 0]
 [0 0 1 0 0 0 0 1]
 [0 0 1 0 0 0 0 0]
 [0 0 0 1 0 0 1 0]
 [0 0 0 0 0 0 0 0]
 [0 0 0 0 0 0 0 0]
 [0 0 0 0 0 0 0 0]]