--- example_1 ---
Input:
[[0 0 0 0 0 0 0 0 0 0 0 0]
 [0 0 0 0 0 0 0 0 0 0 0 0]
 [0 0 0 0 0 0 0 0 0 0 0 0]
 [0 0 1 1 1 0 0 0 0 0 0 0]
 [0 0 1 1 1 0 0 0 0 0 0 0]
 [0 0 1 1 1 0 0 0 0 0 0 0]
 [0 0 0 0 0 0 0 0 0 0 0 0]
 [0 0 0 0 0 0 0 0 0 0 0 0]
 [0 0 0 0 0 0 0 0 0 0 0 0]
 [0 0 0 0 0 0 0 0 0 0 0 0]
 [0 0 0 0 0 0 0 0 0 0 0 0]
 [0 0 0 0 0 0 0 0 0 0 0 0]]
Expected Output:
[[0 0 0]
 [0 1 0]
 [0 0 0]]
Transformed Output:
[[0 0 0]
 [0 1 0]
 [0 0 0]]
Correct: True
--- example_2 ---
Input:
[[0 0 0 0 0 0 0 0 0]
 [0 0 0 0 0 0 0 0 0]
 [0 0 0 0 0 0 0 0 0]
 [0 0 0 0 0 0 0 0 0]
 [0 0 0 1 1 1 1 0 0]
 [0 0 0 1 1 1 1 0 0]
 [0 0 0 0 0 0 0 0 0]
 [0 0 0 0 0 0 0 0 0]
 [0 0 0 0 0 0 0 0 0]]
Expected Output:
[[0 0 0]
 [0 1 0]
 [0 0 0]]
Transformed Output:
[[0 0 0]
 [0 1 0]
 [0 0 0]]
Correct: True

--- example_3 ---
Input:
[[0 0 0 0 0 0 0 0 0 0 0 0 0 0]
 [0 0 0 0 0 0 0 0 0 0 0 0 0 0]
 [0 0 0 0 0 0 0 0 0 0 0 0 0 0]
 [0 0 0 0 0 0 0 0 0 0 0 0 0 0]
 [0 0 0 0 0 0 0 0 0 0 0 0 0 0]
 [0 0 0 0 0 1 1 1 1 1 0 0 0 0]
 [0 0 0 0 0 1 1 1 1 1 0 0 0 0]
 [0 0 0 0 0 0 0 0 0 0 0 0 0 0]
 [0 0 0 0 0 0 0 0 0 0 0 0 0 0]
 [0 0 0 0 0 0 0 0 0 0 0 0 0 0]
 [0 0 0 0 0 0 0 0 0 0 0 0 0 0]
 [0 0 0 0 0 0 0 0 0 0 0 0 0 0]
 [0 0 0 0 0 0 0 0 0 0 0 0 0 0]
 [0 0 0 0 0 0 0 0 0 0 0 0 0 0]]
Expected Output:
[[0 0 0]
 [0 1 0]
 [0 0 0]]
Transformed Output:
[[0 0 0]
 [0 1 0]
 [0 0 0]]
Correct: True