Input:
[[0 0 0 0 0 0 0 0]
 [0 0 0 0 0 0 0 0]
 [0 0 0 0 0 0 2 0]
 [0 0 0 0 0 0 0 0]
 [0 0 2 0 0 0 0 0]
 [0 0 0 0 0 0 0 0]
 [0 2 0 0 0 0 2 0]
 [0 0 0 0 0 0 0 0]]

Expected Output:
[[0 0 0 0 0 0 0 0]
 [0 0 0 0 0 0 0 0]
 [0 0 0 0 0 0 2 0]
 [0 0 0 0 0 0 0 0]
 [0 0 2 0 0 0 0 0]
 [0 0 0 0 0 0 0 0]
 [0 2 9 9 9 9 2 0]
 [0 0 0 0 0 0 0 0]]

Actual Output:
[[0 0 0 0 0 0 0 0]
 [0 0 0 0 0 0 0 0]
 [0 0 0 0 0 0 2 0]
 [0 0 0 0 0 0 0 0]
 [0 0 2 0 0 0 0 0]
 [0 0 9 0 0 0 0 0]
 [0 2 9 9 9 9 2 0]
 [0 0 0 0 0 0 0 0]]

Differences: The actual output incorrectly filled the space below the first red pixel in row 5.