Example 1:
  Input:
[[0 0 0 0 0 0 0 0 0 0]
 [0 0 0 0 0 0 0 0 0 0]
 [0 0 0 0 0 0 0 0 0 0]
 [0 0 0 0 0 0 0 0 0 0]
 [0 0 0 0 4 4 4 0 0 0]
 [0 0 0 0 4 4 4 0 0 0]
 [0 0 0 0 4 4 4 0 0 0]
 [0 0 0 0 0 0 0 0 0 0]
 [0 0 0 0 0 0 0 0 0 0]
 [0 0 0 0 0 0 0 0 0 0]]
  Expected Output:
[[0 0 0 0 0 0 0 0 0 0]
 [0 0 0 0 0 0 0 0 0 0]
 [0 0 0 0 0 0 0 0 0 0]
 [0 0 0 0 0 0 0 0 0 0]
 [0 0 5 5 4 4 4 0 0 0]
 [0 0 5 5 4 4 4 0 0 0]
 [0 0 5 5 4 4 4 0 0 0]
 [0 0 5 5 0 0 0 0 0 0]
 [0 0 0 0 0 0 0 0 0 0]
 [0 0 0 0 0 0 0 0 0 0]]
  Actual Output:
[[0 0 0 0 0 0 0 0 0 0]
 [0 0 0 0 0 0 0 0 0 0]
 [0 0 0 0 0 0 0 0 0 0]
 [0 0 0 0 0 0 0 0 0 0]
 [0 0 5 5 4 4 4 0 0 0]
 [0 0 5 5 4 4 4 0 0 0]
 [0 0 5 5 4 4 4 0 0 0]
 [0 0 5 5 0 0 0 0 0 0]
 [0 0 0 0 0 0 0 0 0 0]
 [0 0 0 0 0 0 0 0 0 0]]
  Correct: True
Example 2:
  Input:
[[0 0 0 0 0 0 0 0 0 0]
 [0 0 0 0 0 0 0 0 0 0]
 [0 0 0 0 0 0 0 0 0 0]
 [0 0 0 4 4 4 0 0 0 0]
 [0 0 0 4 4 4 0 0 0 0]
 [0 0 0 4 4 4 0 0 0 0]
 [0 0 0 0 0 0 0 0 0 0]
 [0 0 0 0 0 0 0 0 0 0]
 [0 0 0 0 0 0 0 0 0 0]
 [5 5 5 0 0 0 0 0 0 0]]
  Expected Output:
[[0 0 0 0 0 0 0 0 0 0]
 [0 0 0 0 0 0 0 0 0 0]
 [0 0 0 0 0 0 0 0 0 0]
 [0 0 0 4 4 4 0 0 0 0]
 [5 5 5 4 4 4 0 0 0 0]
 [5 5 5 4 4 4 0 0 0 0]
 [5 5 5 0 0 0 0 0 0 0]
 [0 0 0 0 0 0 0 0 0 0]
 [0 0 0 0 0 0 0 0 0 0]
 [0 0 0 0 0 0 0 0 0 0]]
  Actual Output:
[[0 0 0 0 0 0 0 0 0 0]
 [0 0 0 0 0 0 0 0 0 0]
 [0 0 0 0 0 0 0 0 0 0]
 [0 0 0 4 4 4 0 0 0 0]
 [0 0 5 5 4 4 4 0 0 0]
 [0 0 5 5 4 4 4 0 0 0]
 [0 0 5 5 0 0 0 0 0 0]
 [0 0 0 0 0 0 0 0 0 0]
 [0 0 0 0 0 0 0 0 0 0]
 [0 0 0 0 0 0 0 0 0 0]]
  Correct: False
Example 3:
  Input:
[[0 0 0 0 0 0 0 0 0 0]
 [0 0 0 0 0 0 0 0 0 0]
 [0 0 0 0 0 0 0 0 0 0]
 [0 0 0 0 0 0 0 0 0 0]
 [0 0 0 4 4 4 4 0 0 0]
 [0 0 0 4 4 4 4 0 0 0]
 [0 0 0 4 4 4 4 0 0 0]
 [0 0 0 4 4 4 4 0 0 0]
 [0 0 0 0 0 0 0 0 0 0]
 [5 5 5 5 5 0 0 0 0 0]]
  Expected Output:
[[0 0 0 0 0 0 0 0 0 0]
 [0 0 0 0 0 0 0 0 0 0]
 [0 0 0 0 0 0 0 0 0 0]
 [0 0 0 0 0 0 0 0 0 0]
 [0 0 0 4 4 4 4 0 0 0]
 [5 5 5 4 4 4 4 0 0 0]
 [5 5 5 4 4 4 4 0 0 0]
 [5 5 5 4 4 4 4 0 0 0]
 [0 0 0 0 0 0 0 0 0 0]
 [0 0 0 0 0 0 0 0 0 0]]
  Actual Output:
[[0 0 0 0 0 0 0 0 0 0]
 [0 0 0 0 0 0 0 0 0 0]
 [0 0 0 0 0 0 0 0 0 0]
 [0 0 0 0 0 0 0 0 0 0]
 [0 0 0 4 4 4 4 0 0 0]
 [0 0 5 5 4 4 4 4 0 0]
 [0 0 5 5 4 4 4 4 0 0]
 [0 0 5 5 4 4 4 4 0 0]
 [0 0 0 0 0 0 0 0 0 0]
 [0 0 0 0 0 0 0 0 0 0]]
  Correct: False
Example 4:
  Input:
[[0 0 0 0 0 0 0 0 0 0]
 [0 0 0 0 0 0 0 0 0 0]
 [0 0 0 0 0 0 0 0 0 0]
 [0 0 0 4 4 4 4 4 0 0]
 [0 0 0 4 4 4 4 4 0 0]
 [0 0 0 4 4 4 4 4 0 0]
 [0 0 0 4 4 4 4 4 0 0]
 [0 0 0 0 0 0 0 0 0 0]
 [0 0 0 0 0 0 0 0 0 0]
 [5 5 5 5 5 5 5 0 0 0]]
  Expected Output:
[[0 0 0 0 0 0 0 0 0 0]
 [0 0 0 0 0 0 0 0 0 0]
 [0 0 0 0 0 0 0 0 0 0]
 [0 0 0 4 4 4 4 4 0 0]
 [5 5 5 4 4 4 4 4 0 0]
 [5 5 5 4 4 4 4 4 0 0]
 [5 5 5 4 4 4 4 4 0 0]
 [0 0 0 0 0 0 0 0 0 0]
 [0 0 0 0 0 0 0 0 0 0]
 [0 0 0 0 0 0 0 0 0 0]]
  Actual Output:
[[0 0 0 0 0 0 0 0 0 0]
 [0 0 0 0 0 0 0 0 0 0]
 [0 0 0 0 0 0 0 0 0 0]
 [0 0 0 4 4 4 4 4 0 0]
 [0 0 5 5 4 4 4 4 4 0]
 [0 0 5 5 4 4 4 4 4 0]
 [0 0 5 5 4 4 4 4 4 0]
 [0 0 0 0 0 0 0 0 0 0]
 [0 0 0 0 0 0 0 0 0 0]
 [0 0 0 0 0 0 0 0 0 0]]
  Correct: False