Example 1:
Input:
[[5 5 5]
 [5 5 5]
 [5 5 5]]

Expected Output:
[[3 3 3]
 [3 3 3]
 [3 3 3]]

Actual Output:
[[3 3 3]
 [3 3 3]
 [3 3 3]]

Match: True

Example 2:
Input:
[[5 5 5 5]
 [5 5 5 5]
 [5 5 5 5]
 [5 5 5 5]]

Expected Output:
[[3 5 5 5]
 [3 5 5 5]
 [3 5 5 5]
 [3 5 5 5]]

Actual Output:
[[3 3 3 3]
 [3 3 3 3]
 [3 3 3 3]
 [3 3 3 3]]

Match: False

Example 3:
Input:
[[6 6 8 8 8 8 6 6 6 8 8 8 8 6 6]
 [6 6 8 8 8 8 6 6 6 8 8 8 8 6 6]
 [6 6 8 8 8 8 6 6 6 8 8 8 8 6 6]
 [6 6 8 8 8 8 6 6 6 8 8 8 8 6 6]
 [6 6 8 8 8 8 6 6 6 8 8 8 8 6 6]
 [6 6 8 8 8 8 6 6 6 8 8 8 8 6 6]
 [6 6 8 8 8 8 6 6 6 8 8 8 8 6 6]]

Expected Output:
[[6 6 3 3 3 3 6 6 6 3 3 3 3 6 6]
 [6 6 3 3 3 3 6 6 6 3 3 3 3 6 6]
 [6 6 3 3 3 3 6 6 6 3 3 3 3 6 6]
 [6 6 3 3 3 3 6 6 6 3 3 3 3 6 6]
 [6 6 3 3 3 3 6 6 6 3 3 3 3 6 6]
 [6 6 3 3 3 3 6 6 6 3 3 3 3 6 6]
 [6 6 3 3 3 3 6 6 6 3 3 3 3 6 6]]

Actual Output:
[[3 3 3 3 3 3 3 3 3 3 3 3 3 3 3]
 [3 3 3 3 3 3 3 3 3 3 3 3 3 3 3]
 [3 3 3 3 3 3 3 3 3 3 3 3 3 3 3]
 [3 3 3 3 3 3 3 3 3 3 3 3 3 3 3]
 [3 3 3 3 3 3 3 3 3 3 3 3 3 3 3]
 [3 3 3 3 3 3 3 3 3 3 3 3 3 3 3]
 [3 3 3 3 3 3 3 3 3 3 3 3 3 3 3]]

Match: False