task name: example 1
input_grid=array([[8, 8, 8, 8, 8, 8, 8, 8, 8],
       [8, 5, 8, 8, 8, 8, 8, 5, 8],
       [8, 8, 8, 8, 8, 8, 8, 8, 8],
       [8, 8, 8, 8, 8, 8, 8, 8, 8],
       [8, 8, 8, 8, 2, 2, 8, 8, 8],
       [8, 8, 8, 8, 2, 2, 8, 8, 8],
       [8, 8, 8, 8, 8, 8, 8, 8, 8],
       [8, 5, 8, 8, 8, 8, 8, 5, 8],
       [8, 8, 8, 8, 8, 8, 8, 8, 8]])
predicted_output=array([[8, 8, 8, 8, 8, 8, 8, 8, 8],
       [8, 8, 8, 8, 8, 8, 8, 5, 8],
       [8, 5, 8, 8, 8, 8, 8, 8, 8],
       [8, 8, 8, 8, 8, 8, 8, 8, 8],
       [8, 8, 8, 8, 2, 2, 8, 8, 8],
       [8, 8, 8, 8, 2, 2, 8, 8, 8],
       [8, 8, 8, 8, 8, 8, 8, 8, 8],
       [8, 8, 8, 8, 8, 8, 8, 5, 8],
       [8, 5, 8, 8, 8, 8, 8, 8, 8]])
expected_output=array([[8, 8, 8, 8, 8, 8, 8, 8, 8],
       [8, 0, 8, 8, 8, 8, 8, 0, 8],
       [8, 5, 8, 8, 8, 8, 8, 5, 8],
       [8, 8, 8, 8, 8, 8, 8, 8, 8],
       [8, 8, 8, 8, 2, 2, 8, 8, 8],
       [8, 8, 8, 8, 2, 2, 8, 8, 8],
       [8, 8, 8, 8, 8, 8, 8, 8, 8],
       [8, 0, 8, 8, 8, 8, 8, 0, 8],
       [8, 5, 8, 8, 8, 8, 8, 5, 8]])
red_square=(4, 4)
gray_pixels=array([[1, 1],
       [1, 7],
       [7, 1],
       [7, 7]])
accuracy = False
---
task name: example 2
input_grid=array([[8, 8, 8, 8, 8, 8, 8, 8, 8],
       [8, 8, 8, 8, 8, 8, 8, 8, 8],
       [8, 8, 5, 8, 8, 8, 5, 8, 8],
       [8, 8, 8, 8, 8, 8, 8, 8, 8],
       [8, 8, 8, 8, 8, 8, 8, 8, 8],
       [8, 8, 8, 8, 2, 2, 8, 8, 8],
       [8, 8, 8, 8, 2, 2, 8, 8, 8],
       [8, 8, 8, 8, 8, 8, 8, 8, 8],
       [8, 8, 5, 8, 8, 8, 5, 8, 8]])
predicted_output=array([[8, 8, 8, 8, 8, 8, 8, 8, 8],
       [8, 8, 8, 8, 8, 8, 8, 8, 8],
       [8, 8, 8, 8, 8, 8, 8, 8, 8],
       [8, 8, 5, 8, 8, 8, 5, 8, 8],
       [8, 8, 8, 8, 8, 8, 8, 8, 8],
       [8, 8, 8, 8, 2, 2, 8, 8, 8],
       [8, 8, 8, 8, 2, 2, 8, 8, 8],
       [8, 8, 8, 8, 8, 8, 8, 8, 8],
       [8, 8, 8, 8, 8, 8, 8, 8, 8]])
expected_output=array([[8, 8, 8, 8, 8, 8, 8, 8, 8],
       [8, 8, 8, 8, 8, 8, 8, 8, 8],
       [8, 8, 0, 8, 8, 8, 0, 8, 8],
       [8, 8, 5, 8, 8, 8, 5, 8, 8],
       [8, 8, 8, 8, 8, 8, 8, 8, 8],
       [8, 8, 8, 8, 2, 2, 8, 8, 8],
       [8, 8, 8, 8, 2, 2, 8, 8, 8],
       [8, 8, 8, 8, 8, 8, 8, 8, 8],
       [8, 8, 5, 8, 8, 8, 5, 8, 8]])
red_square=(5, 4)
gray_pixels=array([[2, 2],
       [2, 6],
       [8, 2],
       [8, 6]])
accuracy = False
---
task name: example 3
input_grid=array([[8, 8, 8, 8, 8, 8, 8, 8, 8],
       [8, 5, 8, 8, 8, 8, 8, 5, 8],
       [8, 8, 8, 8, 8, 8, 8, 8, 8],
       [8, 8, 8, 8, 8, 8, 8, 8, 8],
       [8, 8, 8, 8, 8, 8, 8, 8, 8],
       [8, 8, 8, 8, 8, 8, 8, 8, 8],
       [8, 8, 8, 8, 8, 8, 8, 8, 8],
       [8, 5, 8, 8, 8, 8, 8, 5, 8],
       [8, 8, 8, 8, 8, 8, 8, 8, 8]])
predicted_output=array([[8, 8, 8, 8, 8, 8, 8, 8, 8],
       [8, 5, 8, 8, 8, 8, 8, 5, 8],
       [8, 8, 8, 8, 8, 8, 8, 8, 8],
       [8, 8, 8, 8, 8, 8, 8, 8, 8],
       [8, 8, 8, 8, 8, 8, 8, 8, 8],
       [8, 8, 8, 8, 8, 8, 8, 8, 8],
       [8, 8, 8, 8, 8, 8, 8, 8, 8],
       [8, 5, 8, 8, 8, 8, 8, 5, 8],
       [8, 8, 8, 8, 8, 8, 8, 8, 8]])
expected_output=array([[8, 8, 8, 8, 8, 8, 8, 8, 8],
       [8, 5, 8, 8, 8, 8, 8, 5, 8],
       [8, 8, 8, 8, 8, 8, 8, 8, 8],
       [8, 8, 8, 8, 8, 8, 8, 8, 8],
       [8, 8, 8, 8, 8, 8, 8, 8, 8],
       [8, 8, 8, 8, 8, 8, 8, 8, 8],
       [8, 8, 8, 8, 8, 8, 8, 8, 8],
       [8, 5, 8, 8, 8, 8, 8, 5, 8],
       [8, 8, 8, 8, 8, 8, 8, 8, 8]])
red_square=None
gray_pixels=array([[1, 1],
       [1, 7],
       [7, 1],
       [7, 7]])
accuracy = True
---
