Example 1:
  Input Colors: [0 8]
  Expected Output Colors: [8]
  Code Output Colors: [8]
  Code Output Correct: True
Input:
[[8 8 8 8 8 8 8 8 8 8]
 [8 8 8 8 8 8 8 8 8 8]
 [8 8 8 8 8 8 8 8 8 8]
 [8 8 8 8 8 8 8 8 8 8]
 [8 8 8 8 8 0 8 8 8 8]
 [8 8 8 8 8 8 8 8 8 8]
 [8 8 8 8 8 8 8 8 8 8]
 [8 8 8 8 8 8 8 8 8 8]
 [8 8 8 8 8 8 8 8 8 8]
 [8 8 8 8 8 8 8 8 8 8]]

Expected Output:
[[8 8 8 8 8 8 8 8 8 8]
 [8 8 8 8 8 8 8 8 8 8]
 [8 8 8 8 8 8 8 8 8 8]
 [8 8 8 8 8 8 8 8 8 8]
 [8 8 8 8 8 8 8 8 8 8]
 [8 8 8 8 8 8 8 8 8 8]
 [8 8 8 8 8 8 8 8 8 8]
 [8 8 8 8 8 8 8 8 8 8]
 [8 8 8 8 8 8 8 8 8 8]
 [8 8 8 8 8 8 8 8 8 8]]

Code Output:
[[8 8 8 8 8 8 8 8 8 8]
 [8 8 8 8 8 8 8 8 8 8]
 [8 8 8 8 8 8 8 8 8 8]
 [8 8 8 8 8 8 8 8 8 8]
 [8 8 8 8 8 8 8 8 8 8]
 [8 8 8 8 8 8 8 8 8 8]
 [8 8 8 8 8 8 8 8 8 8]
 [8 8 8 8 8 8 8 8 8 8]
 [8 8 8 8 8 8 8 8 8 8]
 [8 8 8 8 8 8 8 8 8 8]]

----------------------------------------
Example 2:
  Input Colors: [0 8]
  Expected Output Colors: [8]
  Code Output Colors: [8]
  Code Output Correct: True
Input:
[[8 8 8 8 8 8 8 8 8 8 8 8]
 [8 8 8 8 8 8 8 8 8 8 8 8]
 [8 8 8 8 8 8 8 8 8 8 8 8]
 [8 8 8 8 8 8 8 8 8 8 8 8]
 [8 8 8 8 8 8 8 8 8 8 8 8]
 [8 8 8 8 8 8 8 8 8 8 8 8]
 [8 8 8 8 8 8 8 8 8 8 8 8]
 [8 8 8 8 8 8 8 8 8 8 8 8]
 [8 8 8 8 8 8 8 8 8 8 8 8]
 [8 8 8 8 8 0 0 8 8 8 8 8]
 [8 8 8 8 8 0 0 8 8 8 8 8]
 [8 8 8 8 8 8 8 8 8 8 8 8]]

Expected Output:
[[8 8 8 8 8 8 8 8 8 8 8 8]
 [8 8 8 8 8 8 8 8 8 8 8 8]
 [8 8 8 8 8 8 8 8 8 8 8 8]
 [8 8 8 8 8 8 8 8 8 8 8 8]
 [8 8 8 8 8 8 8 8 8 8 8 8]
 [8 8 8 8 8 8 8 8 8 8 8 8]
 [8 8 8 8 8 8 8 8 8 8 8 8]
 [8 8 8 8 8 8 8 8 8 8 8 8]
 [8 8 8 8 8 8 8 8 8 8 8 8]
 [8 8 8 8 8 8 8 8 8 8 8 8]
 [8 8 8 8 8 8 8 8 8 8 8 8]
 [8 8 8 8 8 8 8 8 8 8 8 8]]

Code Output:
[[8 8 8 8 8 8 8 8 8 8 8 8]
 [8 8 8 8 8 8 8 8 8 8 8 8]
 [8 8 8 8 8 8 8 8 8 8 8 8]
 [8 8 8 8 8 8 8 8 8 8 8 8]
 [8 8 8 8 8 8 8 8 8 8 8 8]
 [8 8 8 8 8 8 8 8 8 8 8 8]
 [8 8 8 8 8 8 8 8 8 8 8 8]
 [8 8 8 8 8 8 8 8 8 8 8 8]
 [8 8 8 8 8 8 8 8 8 8 8 8]
 [8 8 8 8 8 8 8 8 8 8 8 8]
 [8 8 8 8 8 8 8 8 8 8 8 8]
 [8 8 8 8 8 8 8 8 8 8 8 8]]

----------------------------------------
Example 3:
  Input Colors: [0 8]
  Expected Output Colors: [8]
  Code Output Colors: [8]
  Code Output Correct: True
Input:
[[8 8 8 8 8 8 8 8 8 8 0 0]
 [8 8 8 8 8 8 8 8 8 8 0 0]
 [8 8 8 8 8 8 8 8 8 8 8 8]
 [8 8 8 8 8 8 8 8 8 8 8 8]
 [8 8 8 8 8 8 8 8 8 8 8 8]
 [8 8 8 8 8 8 8 8 8 8 8 8]
 [8 8 8 8 8 8 8 8 8 8 8 8]
 [8 8 8 8 8 8 8 8 8 8 8 8]
 [8 8 8 8 8 8 8 8 8 8 8 8]
 [8 8 8 8 8 8 8 8 8 8 8 8]]

Expected Output:
[[8 8 8 8 8 8 8 8 8 8]
 [8 8 8 8 8 8 8 8 8 8]
 [8 8 8 8 8 8 8 8 8 8]
 [8 8 8 8 8 8 8 8 8 8]
 [8 8 8 8 8 8 8 8 8 8]
 [8 8 8 8 8 8 8 8 8 8]
 [8 8 8 8 8 8 8 8 8 8]
 [8 8 8 8 8 8 8 8 8 8]
 [8 8 8 8 8 8 8 8 8 8]
 [8 8 8 8 8 8 8 8 8 8]]

Code Output:
[[8 8 8 8 8 8 8 8 8 8]
 [8 8 8 8 8 8 8 8 8 8]
 [8 8 8 8 8 8 8 8 8 8]
 [8 8 8 8 8 8 8 8 8 8]
 [8 8 8 8 8 8 8 8 8 8]
 [8 8 8 8 8 8 8 8 8 8]
 [8 8 8 8 8 8 8 8 8 8]
 [8 8 8 8 8 8 8 8 8 8]
 [8 8 8 8 8 8 8 8 8 8]
 [8 8 8 8 8 8 8 8 8 8]]

----------------------------------------