Example 1:
Input:
[[5 5 5]
 [5 8 5]
 [5 5 5]]
Expected Output:
[[5 5 5 5 5 5]
 [5 5 5 5 5 5]
 [5 5 8 8 5 5]
 [5 5 8 8 5 5]
 [5 5 5 5 5 5]
 [5 5 5 5 5 5]]
Actual Output:
[[5 5 5 5 5 5]
 [5 5 5 5 5 5]
 [5 5 8 8 5 5]
 [5 5 8 8 5 5]
 [5 5 5 5 5 5]
 [5 5 5 5 5 5]]
Difference:
[[0 0 0 0 0 0]
 [0 0 0 0 0 0]
 [0 0 0 0 0 0]
 [0 0 0 0 0 0]
 [0 0 0 0 0 0]
 [0 0 0 0 0 0]]

Example 2:
Input:
[[6 6 8]
 [6 6 8]]
Expected Output:
[[6 6 6 6 8 8]
 [6 6 6 6 8 8]
 [6 6 6 6 8 8]
 [6 6 6 6 8 8]]
Actual Output:
[[6 6 6 6 8 8]
 [6 6 6 6 8 8]
 [6 6 6 6 8 8]
 [6 6 6 6 8 8]]
Difference:
[[0 0 0 0 0 0]
 [0 0 0 0 0 0]
 [0 0 0 0 0 0]
 [0 0 0 0 0 0]]

Example 3:
Input:
[[1 0 0 0]
 [0 1 0 0]
 [0 0 1 0]
 [0 0 0 1]]
Expected Output:
[[1 1 0 0 0 0 0 0]
 [1 1 0 0 0 0 0 0]
 [0 0 1 1 0 0 0 0]
 [0 0 1 1 0 0 0 0]
 [0 0 0 0 1 1 0 0]
 [0 0 0 0 1 1 0 0]
 [0 0 0 0 0 0 1 1]
 [0 0 0 0 0 0 1 1]]
Actual Output:
[[1 1 0 0 0 0 0 0]
 [1 1 0 0 0 0 0 0]
 [0 0 1 1 0 0 0 0]
 [0 0 1 1 0 0 0 0]
 [0 0 0 0 1 1 0 0]
 [0 0 0 0 1 1 0 0]
 [0 0 0 0 0 0 1 1]
 [0 0 0 0 0 0 1 1]]
Difference:
[[0 0 0 0 0 0 0 0]
 [0 0 0 0 0 0 0 0]
 [0 0 0 0 0 0 0 0]
 [0 0 0 0 0 0 0 0]
 [0 0 0 0 0 0 0 0]
 [0 0 0 0 0 0 0 0]
 [0 0 0 0 0 0 0 0]
 [0 0 0 0 0 0 0 0]]

Example 4:
Input:
[[9 9 9 9 9 9 9 9 9]
 [9 9 9 9 9 9 9 9 9]
 [9 9 9 9 9 9 9 9 9]]
Expected Output:
[[9 9 9 9 9 9 9 9 9 9 9 9 9 9 9 9 9 9]
 [9 9 9 9 9 9 9 9 9 9 9 9 9 9 9 9 9 9]
 [9 9 9 9 9 9 9 9 9 9 9 9 9 9 9 9 9 9]
 [9 9 9 9 9 9 9 9 9 9 9 9 9 9 9 9 9 9]]
Actual Output:
[[9 9 9 9 9 9 9 9 9 9 9 9 9 9 9 9 9 9]
 [9 9 9 9 9 9 9 9 9 9 9 9 9 9 9 9 9 9]
 [9 9 9 9 9 9 9 9 9 9 9 9 9 9 9 9 9 9]]
Difference:
Dimensions do not match

Example 5:
Input:
[[7 0 7 0]
 [0 7 0 7]
 [7 0 7 0]
 [0 7 0 7]]
Expected Output:
[[7 7 0 0 7 7 0 0]
 [7 7 0 0 7 7 0 0]
 [0 0 7 7 0 0 7 7]
 [0 0 7 7 0 0 7 7]
 [7 7 0 0 7 7 0 0]
 [7 7 0 0 7 7 0 0]
 [0 0 7 7 0 0 7 7]
 [0 0 7 7 0 0 7 7]]
Actual Output:
[[7 7 0 0 7 7 0 0]
 [7 7 0 0 7 7 0 0]
 [0 0 7 7 0 0 7 7]
 [0 0 7 7 0 0 7 7]
 [7 7 0 0 7 7 0 0]
 [7 7 0 0 7 7 0 0]
 [0 0 7 7 0 0 7 7]
 [0 0 7 7 0 0 7 7]]
Difference:
[[0 0 0 0 0 0 0 0]
 [0 0 0 0 0 0 0 0]
 [0 0 0 0 0 0 0 0]
 [0 0 0 0 0 0 0 0]
 [0 0 0 0 0 0 0 0]
 [0 0 0 0 0 0 0 0]
 [0 0 0 0 0 0 0 0]
 [0 0 0 0 0 0 0 0]]