    [[0, 0, 0, 0, 0, 0],
     [0, 0, 0, 2, 0, 0],
     [0, 0, 0, 0, 0, 0],
     [0, 0, 0, 0, 0, 0],
     [0, 2, 0, 0, 0, 0],
     [0, 0, 0, 0, 0, 0]]
    ```
*   Expected output:
    ```
    [[0, 0, 0, 4, 0, 0],
     [0, 0, 0, 2, 0, 0],
     [0, 0, 0, 4, 0, 0],
     [0, 4, 0, 0, 0, 0],
     [0, 2, 0, 0, 0, 0],
     [0, 4, 0, 0, 0, 0]]
    ```
*   Predicted Output:
    ```
     [[0, 0, 0, 4, 0, 0],
      [0, 0, 0, 2, 0, 0],
      [0, 0, 0, 4, 0, 0],
      [0, 4, 4, 4, 0, 0],
      [0, 2, 0, 0, 0, 0],
      [0, 4, 0, 0, 0, 0]]
    ```
*   Differences: One extra yellow pixel at (3,2).

**YAML Facts:**
