  Input Colors: Counter({5: 196})
  Output Colors: Counter({5: 1})
Input:
[[5 5 5 5 5 5 5 5 5 5 5 5 5 5]
 [5 5 5 5 5 5 5 5 5 5 5 5 5 5]
 [5 5 5 5 5 5 5 5 5 5 5 5 5 5]
 [5 5 5 5 5 5 5 5 5 5 5 5 5 5]
 [5 5 5 5 5 5 5 5 5 5 5 5 5 5]
 [5 5 5 5 5 5 5 5 5 5 5 5 5 5]
 [5 5 5 5 5 5 5 5 5 5 5 5 5 5]
 [5 5 5 5 5 5 5 5 5 5 5 5 5 5]
 [5 5 5 5 5 5 5 5 5 5 5 5 5 5]
 [5 5 5 5 5 5 5 5 5 5 5 5 5 5]
 [5 5 5 5 5 5 5 5 5 5 5 5 5 5]
 [5 5 5 5 5 5 5 5 5 5 5 5 5 5]
 [5 5 5 5 5 5 5 5 5 5 5 5 5 5]
 [5 5 5 5 5 5 5 5 5 5 5 5 5 5]]
Output:
[[5]]
--------------------
  Input Colors: Counter({8: 140, 0: 56})
  Output Colors: Counter({8: 1})
Input:
[[8 8 8 8 8 8 8 8 8 8 0 0 0 0]
 [8 8 8 8 8 8 8 8 8 8 0 0 0 0]
 [8 8 8 8 8 8 8 8 8 8 0 0 0 0]
 [8 8 8 8 8 8 8 8 8 8 0 0 0 0]
 [8 8 8 8 8 8 8 8 8 8 0 0 0 0]
 [8 8 8 8 8 8 8 8 8 8 0 0 0 0]
 [8 8 8 8 8 8 8 8 8 8 0 0 0 0]
 [8 8 8 8 8 8 8 8 8 8 0 0 0 0]
 [8 8 8 8 8 8 8 8 8 8 0 0 0 0]
 [8 8 8 8 8 8 8 8 8 8 0 0 0 0]
 [8 8 8 8 8 8 8 8 8 8 0 0 0 0]
 [8 8 8 8 8 8 8 8 8 8 0 0 0 0]
 [8 8 8 8 8 8 8 8 8 8 0 0 0 0]
 [8 8 8 8 8 8 8 8 8 8 0 0 0 0]]
Output:
[[8]]
--------------------
  Input Colors: Counter({2: 70, 0: 126})
  Output Colors: Counter({2: 1})
Input:
[[2 2 2 2 2 0 0 0 0 0 0 0 0 0]
 [2 2 2 2 2 0 0 0 0 0 0 0 0 0]
 [2 2 2 2 2 0 0 0 0 0 0 0 0 0]
 [2 2 2 2 2 0 0 0 0 0 0 0 0 0]
 [2 2 2 2 2 0 0 0 0 0 0 0 0 0]
 [2 2 2 2 2 0 0 0 0 0 0 0 0 0]
 [2 2 2 2 2 0 0 0 0 0 0 0 0 0]
 [2 2 2 2 2 0 0 0 0 0 0 0 0 0]
 [2 2 2 2 2 0 0 0 0 0 0 0 0 0]
 [2 2 2 2 2 0 0 0 0 0 0 0 0 0]
 [2 2 2 2 2 0 0 0 0 0 0 0 0 0]
 [2 2 2 2 2 0 0 0 0 0 0 0 0 0]
 [2 2 2 2 2 0 0 0 0 0 0 0 0 0]
 [2 2 2 2 2 0 0 0 0 0 0 0 0 0]]
Output:
[[2]]
--------------------
  Input Colors: Counter({0: 168, 6: 28})
  Output Colors: Counter({6: 1})
Input:
[[0 0 0 0 0 0 0 0 0 0 0 0 6 6]
 [0 0 0 0 0 0 0 0 0 0 0 0 6 6]
 [0 0 0 0 0 0 0 0 0 0 0 0 6 6]
 [0 0 0 0 0 0 0 0 0 0 0 0 6 6]
 [0 0 0 0 0 0 0 0 0 0 0 0 6 6]
 [0 0 0 0 0 0 0 0 0 0 0 0 6 6]
 [0 0 0 0 0 0 0 0 0 0 0 0 6 6]
 [0 0 0 0 0 0 0 0 0 0 0 0 6 6]
 [0 0 0 0 0 0 0 0 0 0 0 0 6 6]
 [0 0 0 0 0 0 0 0 0 0 0 0 6 6]
 [0 0 0 0 0 0 0 0 0 0 0 0 6 6]
 [0 0 0 0 0 0 0 0 0 0 0 0 6 6]
 [0 0 0 0 0 0 0 0 0 0 0 0 6 6]
 [0 0 0 0 0 0 0 0 0 0 0 0 6 6]]
Output:
[[6]]
--------------------
  Input Colors: Counter({7: 126, 0: 70})
  Output Colors: Counter({7: 1})
Input:
[[7 7 7 7 7 7 7 7 7 0 0 0 0 0]
 [7 7 7 7 7 7 7 7 7 0 0 0 0 0]
 [7 7 7 7 7 7 7 7 7 0 0 0 0 0]
 [7 7 7 7 7 7 7 7 7 0 0 0 0 0]
 [7 7 7 7 7 7 7 7 7 0 0 0 0 0]
 [7 7 7 7 7 7 7 7 7 0 0 0 0 0]
 [7 7 7 7 7 7 7 7 7 0 0 0 0 0]
 [7 7 7 7 7 7 7 7 7 0 0 0 0 0]
 [7 7 7 7 7 7 7 7 7 0 0 0 0 0]
 [7 7 7 7 7 7 7 7 7 0 0 0 0 0]
 [7 7 7 7 7 7 7 7 7 0 0 0 0 0]
 [7 7 7 7 7 7 7 7 7 0 0 0 0 0]
 [7 7 7 7 7 7 7 7 7 0 0 0 0 0]
 [7 7 7 7 7 7 7 7 7 0 0 0 0 0]]
Output:
[[7]]
--------------------