Example 1:
  Input Dims: (5, 5)
  Output Dims: (5, 5)
  Red Pixels: [[1, 1], [1, 3], [3, 1], [3, 3]]
  White Pixels: [[0, 1], [0, 3], [1, 0], [1, 2], [1, 4], [2, 1], [2, 3], [3, 0], [3, 2], [3, 4], [4, 1], [4, 3]]
  Yellow Pixels (Output): [[0, 1], [0, 3], [1, 0], [1, 2], [1, 4], [2, 1], [2, 3], [3, 0], [3, 2], [3, 4], [4, 1], [4, 3]]
  Yellow Pixels (Predicted): [[0, 1], [0, 3], [1, 0], [1, 2], [1, 4], [2, 1], [2, 3], [3, 0], [3, 2], [3, 4], [4, 1], [4, 3]]
  Discrepancy: False
--------------------
Example 2:
  Input Dims: (5, 5)
  Output Dims: (5, 5)
  Red Pixels: [[1, 0], [1, 2], [1, 4], [3, 0], [3, 2], [3, 4]]
  White Pixels: [[0, 0], [0, 2], [0, 4], [1, 1], [1, 3], [2, 0], [2, 2], [2, 4], [3, 1], [3, 3], [4, 0], [4, 2], [4, 4]]
  Yellow Pixels (Output): [[0, 0], [0, 2], [0, 4], [1, 1], [1, 3], [2, 0], [2, 2], [2, 4], [3, 1], [3, 3], [4, 0], [4, 2], [4, 4]]
  Yellow Pixels (Predicted): [[0, 0], [0, 2], [0, 4], [1, 1], [1, 3], [2, 0], [2, 2], [2, 4], [3, 1], [3, 3], [4, 0], [4, 2], [4, 4]]
  Discrepancy: False
--------------------
Example 3:
  Input Dims: (5, 7)
  Output Dims: (5, 7)
  Red Pixels: [[1, 1], [1, 3], [1, 5], [3, 1], [3, 3], [3, 5]]
  White Pixels: [[0, 1], [0, 3], [0, 5], [1, 0], [1, 2], [1, 4], [1, 6], [2, 1], [2, 3], [2, 5], [3, 0], [3, 2], [3, 4], [3, 6], [4, 1], [4, 3], [4, 5]]
  Yellow Pixels (Output): [[0, 1], [0, 3], [0, 5], [1, 0], [1, 2], [1, 4], [1, 6], [2, 1], [2, 3], [2, 5], [3, 0], [3, 2], [3, 4], [3, 6], [4, 1], [4, 3], [4, 5]]
  Yellow Pixels (Predicted): [[0, 1], [0, 3], [0, 5], [1, 0], [1, 2], [1, 4], [1, 6], [2, 1], [2, 3], [2, 5], [3, 0], [3, 2], [3, 4], [3, 6], [4, 1], [4, 3], [4, 5]]
  Discrepancy: False
--------------------