    [[0, 0, 0, 0, 0, 0, 0, 0, 0, 0],
     [0, 7, 7, 7, 0, 0, 0, 0, 0, 0],
     [0, 7, 0, 7, 0, 0, 0, 0, 0, 0],
     [0, 7, 7, 7, 0, 0, 0, 0, 0, 0],
     [0, 0, 0, 0, 0, 0, 0, 0, 0, 0],
     [0, 0, 0, 0, 0, 0, 0, 0, 0, 0],
     [0, 0, 0, 0, 0, 0, 0, 0, 0, 0],
     [0, 0, 0, 0, 0, 0, 0, 0, 0, 0],
     [0, 0, 0, 0, 0, 0, 0, 0, 0, 0],
     [0, 0, 0, 0, 0, 0, 0, 0, 0, 0]]
    ```
*   Expected Output:
    ```
    [[0, 0, 0, 0, 0, 0, 0, 0, 0, 0],
     [0, 0, 0, 0, 0, 0, 0, 0, 0, 0],
     [0, 0, 0, 7, 0, 0, 0, 0, 0, 0],
     [0, 0, 0, 0, 0, 0, 0, 0, 0, 0],
     [0, 0, 0, 0, 0, 0, 0, 0, 0, 0],
     [0, 0, 0, 0, 0, 0, 0, 0, 0, 0],
     [0, 0, 0, 0, 0, 0, 0, 0, 0, 0],
     [0, 0, 0, 0, 0, 0, 0, 0, 0, 0],
     [0, 0, 0, 0, 0, 0, 0, 0, 0, 0],
     [0, 0, 0, 0, 0, 0, 0, 0, 0, 0]]
    ```
*   Actual Output: Same as expected.

*Example 2*

*   Input:
    ```
    [[0, 0, 0, 0, 0, 0, 0, 0, 0, 0],
     [0, 0, 0, 0, 0, 0, 0, 0, 0, 0],
     [0, 0, 0, 7, 0, 0, 0, 0, 0, 0],
     [0, 0, 0, 7, 0, 0, 0, 0, 0, 0],
     [0, 0, 0, 7, 0, 0, 0, 0, 0, 0],
     [0, 0, 0, 7, 0, 0, 0, 0, 0, 0],
     [0, 0, 0, 7, 0, 0, 0, 0, 0, 0],
     [0, 0, 0, 0, 0, 0, 0, 0, 0, 0],
     [0, 0, 0, 0, 0, 0, 0, 0, 0, 0],
     [0, 0, 0, 0, 0, 0, 0, 0, 0, 0]]
    ```
*   Expected Output:
    ```
    [[0, 0, 0, 0, 0, 0, 0, 0, 0, 0],
     [0, 0, 0, 0, 0, 0, 0, 0, 0, 0],
     [0, 0, 0, 7, 0, 0, 0, 0, 0, 0],
     [0, 0, 0, 7, 0, 0, 0, 0, 0, 0],
     [0, 0, 0, 7, 0, 0, 0, 0, 0, 0],
     [0, 0, 0, 7, 0, 0, 0, 0, 0, 0],
     [0, 0, 0, 7, 0, 0, 0, 0, 0, 0],
     [0, 0, 0, 0, 0, 0, 0, 0, 0, 0],
     [0, 0, 0, 0, 0, 0, 0, 0, 0, 0],
     [0, 0, 0, 0, 0, 0, 0, 0, 0, 0]]
    ```
*   Actual Output: Same as expected.

*Example 3*

*   Input:
     ```
     [[7, 7, 7, 7, 7, 7, 7, 7, 7, 7],
      [7, 7, 7, 7, 7, 7, 7, 7, 7, 7],
      [7, 7, 7, 7, 7, 7, 7, 7, 7, 7],
      [7, 7, 7, 7, 7, 7, 7, 7, 7, 7],
      [7, 7, 7, 7, 7, 7, 7, 7, 7, 7],
      [7, 7, 7, 7, 7, 7, 7, 7, 7, 7],
      [7, 7, 7, 7, 7, 7, 7, 7, 7, 7],
      [7, 7, 7, 7, 7, 7, 7, 7, 7, 7],
      [7, 7, 7, 7, 7, 7, 7, 7, 7, 7],
      [7, 7, 7, 7, 7, 7, 7, 7, 7, 7]]
     ```
*   Expected Output:
     ```
     [[7, 7, 7, 7, 7, 7, 7, 7, 7, 7],
      [7, 7, 7, 7, 7, 7, 7, 7, 7, 7],
      [7, 7, 7, 7, 7, 7, 7, 7, 7, 7],
      [7, 7, 7, 7, 7, 7, 7, 7, 7, 7],
      [7, 7, 7, 7, 7, 7, 7, 7, 7, 7],
      [7, 7, 7, 7, 7, 7, 7, 7, 7, 7],
      [7, 7, 7, 7, 7, 7, 7, 7, 7, 7],
      [7, 7, 7, 7, 7, 7, 7, 7, 7, 7],
      [7, 7, 7, 7, 7, 7, 7, 7, 7, 7],
      [7, 7, 7, 7, 7, 7, 7, 7, 7, 7]]
     ```
*   Actual Output:
     ```
      [[0, 0, 0, 0, 0, 0, 0, 0, 0, 0],
       [0, 0, 0, 0, 0, 0, 0, 0, 0, 0],
       [0, 0, 0, 0, 0, 0, 0, 0, 0, 0],
       [0, 0, 0, 0, 0, 0, 0, 0, 0, 0],
       [0, 0, 0, 0, 0, 0, 0, 0, 0, 0],
       [0, 0, 0, 0, 0, 0, 0, 0, 0, 0],
       [0, 0, 0, 0, 0, 0, 0, 0, 0, 0],
       [0, 0, 0, 0, 0, 0, 0, 0, 0, 0],
       [0, 0, 0, 0, 0, 0, 0, 0, 0, 0],
       [0, 0, 0, 0, 0, 0, 0, 0, 0, 0]]
      ```
    Error: All orange pixels have been changed to white (0).

**YAML Facts**
