example:  0
Input Grid:
[[0 0 0 0 0 0 0 0]
 [0 0 0 0 0 0 0 0]
 [0 0 0 0 0 0 0 0]
 [0 8 8 8 8 0 0 0]
 [0 8 8 8 8 0 0 0]
 [0 8 8 8 8 0 0 0]
 [0 0 0 0 0 0 0 0]
 [1 0 2 0 3 0 4 0]]
Expected Output Grid:
[[0 0 0 0 0 0 0 0]
 [0 0 0 0 0 0 0 0]
 [0 0 0 0 0 0 0 0]
 [0 8 8 8 8 0 0 0]
 [0 8 8 8 8 0 0 0]
 [0 8 8 8 8 0 0 0]
 [0 0 0 0 0 0 0 0]
 [1 0 2 0 3 0 4 0]]
Predicted Output Grid:
[[0 0 0 0 0 0 0 0]
 [0 0 0 0 0 0 0 0]
 [0 0 0 0 0 0 0 0]
 [0 8 8 8 8 0 0 0]
 [0 8 8 8 8 0 0 0]
 [0 8 8 8 8 0 0 0]
 [0 0 0 0 0 0 0 0]
 [1 0 2 0 3 0 4 0]]
Objects found: [{'color': 8, 'coords': [(3, 1), (3, 2), (3, 3), (3, 4), (4, 1), (4, 2), (4, 3), (4, 4), (5, 1), (5, 2), (5, 3), (5, 4)]}, {'color': 1, 'coords': [(7, 0)]}, {'color': 2, 'coords': [(7, 2)]}, {'color': 3, 'coords': [(7, 4)]}, {'color': 4, 'coords': [(7, 6)]}]
Largest azure object:  {'color': 8, 'coords': [(3, 1), (3, 2), (3, 3), (3, 4), (4, 1), (4, 2), (4, 3), (4, 4), (5, 1), (5, 2), (5, 3), (5, 4)]}
filtered objects:  [{'color': 8, 'coords': [(3, 1), (3, 2), (3, 3), (3, 4), (4, 1), (4, 2), (4, 3), (4, 4), (5, 1), (5, 2), (5, 3), (5, 4)]}, {'color': 1, 'coords': [(7, 0)]}, {'color': 2, 'coords': [(7, 2)]}, {'color': 3, 'coords': [(7, 4)]}, {'color': 4, 'coords': [(7, 6)]}]
sorted single pixels:  [{'color': 1, 'coords': [(7, 0)]}, {'color': 2, 'coords': [(7, 2)]}, {'color': 3, 'coords': [(7, 4)]}, {'color': 4, 'coords': [(7, 6)]}]
Difference (Predicted - Expected):
[[0 0 0 0 0 0 0 0]
 [0 0 0 0 0 0 0 0]
 [0 0 0 0 0 0 0 0]
 [0 0 0 0 0 0 0 0]
 [0 0 0 0 0 0 0 0]
 [0 0 0 0 0 0 0 0]
 [0 0 0 0 0 0 0 0]
 [0 0 0 0 0 0 0 0]]
--------------------
example:  1
Input Grid:
[[0 0 0 0 0 0 0 0]
 [0 8 0 0 0 0 0 0]
 [0 8 0 0 0 7 0 0]
 [0 8 0 0 0 0 0 0]
 [0 8 0 0 6 0 0 0]
 [0 8 0 0 0 0 0 0]
 [0 8 0 5 0 0 0 0]
 [0 0 0 0 0 0 0 0]]
Expected Output Grid:
[[0 0 0 0 0 0 0 0]
 [0 8 0 0 0 0 0 0]
 [0 8 0 0 0 7 0 0]
 [0 8 0 0 0 0 0 0]
 [0 8 0 0 6 0 0 0]
 [0 8 0 0 0 0 0 0]
 [0 8 0 5 0 0 0 0]
 [0 0 0 0 0 0 0 0]]
Predicted Output Grid:
[[0 0 0 0 0 0 0 0]
 [0 8 0 0 0 0 0 0]
 [0 8 0 0 0 7 0 0]
 [0 8 0 0 0 0 0 0]
 [0 8 0 0 6 0 0 0]
 [0 8 0 0 0 0 0 0]
 [0 8 0 5 0 0 0 0]
 [0 0 0 0 0 0 0 0]]
Objects found: [{'color': 8, 'coords': [(1, 1), (2, 1), (3, 1), (4, 1), (5, 1), (6, 1)]}, {'color': 7, 'coords': [(2, 5)]}, {'color': 6, 'coords': [(4, 4)]}, {'color': 5, 'coords': [(6, 3)]}]
Largest azure object:  {'color': 8, 'coords': [(1, 1), (2, 1), (3, 1), (4, 1), (5, 1), (6, 1)]}
filtered objects:  [{'color': 8, 'coords': [(1, 1), (2, 1), (3, 1), (4, 1), (5, 1), (6, 1)]}, {'color': 7, 'coords': [(2, 5)]}, {'color': 6, 'coords': [(4, 4)]}, {'color': 5, 'coords': [(6, 3)]}]
sorted single pixels:  [{'color': 5, 'coords': [(6, 3)]}, {'color': 6, 'coords': [(4, 4)]}, {'color': 7, 'coords': [(2, 5)]}]
Difference (Predicted - Expected):
[[0 0 0 0 0 0 0 0]
 [0 0 0 0 0 0 0 0]
 [0 0 0 0 0 0 0 0]
 [0 0 0 0 0 0 0 0]
 [0 0 0 0 0 0 0 0]
 [0 0 0 0 0 0 0 0]
 [0 0 0 0 0 0 0 0]
 [0 0 0 0 0 0 0 0]]
--------------------
example:  2
Input Grid:
[[0 0 0 0 0 0 0 0]
 [0 0 0 0 8 8 8 0]
 [0 0 0 0 8 8 8 0]
 [0 0 0 0 8 8 8 0]
 [0 0 0 0 0 0 0 0]
 [0 1 0 2 0 0 0 0]
 [0 0 0 0 0 0 0 0]
 [0 0 0 0 0 0 0 0]]
Expected Output Grid:
[[0 0 0 0 0 0 0 0]
 [0 0 0 0 8 8 8 0]
 [0 0 0 0 8 8 8 0]
 [0 0 0 0 8 8 8 0]
 [0 0 0 0 0 0 0 0]
 [0 1 0 2 0 0 0 0]
 [0 0 0 0 0 0 0 0]
 [0 0 0 0 0 0 0 0]]
Predicted Output Grid:
[[0 0 0 0 0 0 0 0]
 [0 0 0 0 8 8 8 0]
 [0 0 0 0 8 8 8 0]
 [0 0 0 0 8 8 8 0]
 [0 0 0 0 0 0 0 0]
 [0 1 0 2 0 0 0 0]
 [0 0 0 0 0 0 0 0]
 [0 0 0 0 0 0 0 0]]
Objects found: [{'color': 8, 'coords': [(1, 4), (1, 5), (1, 6), (2, 4), (2, 5), (2, 6), (3, 4), (3, 5), (3, 6)]}, {'color': 1, 'coords': [(5, 1)]}, {'color': 2, 'coords': [(5, 3)]}]
Largest azure object:  {'color': 8, 'coords': [(1, 4), (1, 5), (1, 6), (2, 4), (2, 5), (2, 6), (3, 4), (3, 5), (3, 6)]}
filtered objects:  [{'color': 8, 'coords': [(1, 4), (1, 5), (1, 6), (2, 4), (2, 5), (2, 6), (3, 4), (3, 5), (3, 6)]}, {'color': 1, 'coords': [(5, 1)]}, {'color': 2, 'coords': [(5, 3)]}]
sorted single pixels:  [{'color': 1, 'coords': [(5, 1)]}, {'color': 2, 'coords': [(5, 3)]}]
Difference (Predicted - Expected):
[[0 0 0 0 0 0 0 0]
 [0 0 0 0 0 0 0 0]
 [0 0 0 0 0 0 0 0]
 [0 0 0 0 0 0 0 0]
 [0 0 0 0 0 0 0 0]
 [0 0 0 0 0 0 0 0]
 [0 0 0 0 0 0 0 0]
 [0 0 0 0 0 0 0 0]]
--------------------